TDRS 3                  
1 19548U 88091B   24197.76923356 -.00000288  00000+0  00000+0 0  9994
2 19548  13.1404 345.7184 0033860 340.2935 196.0310  1.00279935118332
FLTSATCOM 8 (USA 46)    
1 20253U 89077A   24197.86890361 -.00000356  00000+0  00000+0 0  9990
2 20253  12.6245 355.3770 0004732 113.3255 264.0106  1.00277930253592
SKYNET 4C               
1 20776U 90079A   24198.07185637  .00000136  00000+0  00000+0 0  9996
2 20776  13.5663 354.5927 0003001 120.3928 238.6479  1.00269443123916
TDRS 5                  
1 21639U 91054B   24197.33731934 -.00000292  00000+0  00000+0 0  9998
2 21639  14.1587 358.8983 0003156 199.4983 154.4958  1.00275188120675
TDRS 6                  
1 22314U 93003B   24197.88091300 -.00000286  00000+0  00000+0 0  9994
2 22314  14.1631   2.2003 0012262 158.9056  44.2192  1.00266097115374
UFO 2 (USA 95)          
1 22787U 93056A   24197.64150095  .00000135  00000+0  00000+0 0  9999
2 22787  11.6641   7.2276 0002871 117.5859  68.7840  1.00274971111518
USA 99 (MILSTAR-1 1)    
1 22988U 94009A   24197.54637418 -.00000194  00000+0  00000+0 0  9995
2 22988  16.5521  35.1531 0002081  78.4450 286.9825  1.00275042 24612
UFO 4 (USA 108)         
1 23467U 95003A   24197.24875668 -.00000012  00000+0  00000+0 0  9990
2 23467   9.6727  15.3871 0004686 110.2174  69.8568  1.00269743107912
TDRS 7                  
1 23613U 95035B   24197.93884715 -.00000190  00000+0  00000+0 0  9994
2 23613  13.6689 353.0272 0027479  73.2419 290.7714  1.00268724106127
USA 115 (MILSTAR-1 2)   
1 23712U 95060A   24197.54045663 -.00000011  00000+0  00000+0 0  9992
2 23712  13.8110   8.8220 0001232  92.5334 267.0740  1.00274130 24612
INMARSAT 3-F1           
1 23839U 96020A   24197.61539417 -.00000059  00000+0  00000+0 0  9994
2 23839   9.1246  52.6746 0007062  81.8152 278.2290  0.99978684103238
INMARSAT 3-F2           
1 24307U 96053A   24197.69505975 -.00000302  00000+0  00000+0 0  9992
2 24307   8.2517  60.6958 0008249  51.8702 212.6713  1.00001492101901
INMARSAT 3-F3           
1 24674U 96070A   24197.78452302  .00000125  00000+0  00000+0 0  9995
2 24674   8.7857  55.9821 0005353  76.4299 112.2111  0.99994855100898
GALAXY 25 (G-25)        
1 24812U 97026A   24197.85422882 -.00000052  00000+0  00000+0 0  9999
2 24812   5.6119  75.8055 0010318   7.0234 177.3779  0.99095056 99271
INTELSAT 5 (IS-5)       
1 24916U 97046A   24190.87099052 -.00000069  00000+0  00000+0 0  9998
2 24916   8.8477  55.2912 0003434  97.2971 254.4074  1.00272075 98514
AMC-3                   
1 24936U 97050A   24197.54994211 -.00000249  00000+0  00000+0 0  9997
2 24936   6.4151  71.8822 0002952  37.7866 310.1903  1.00272861 45391
USA 134                 
1 25019U 97065A   24197.61347965 -.00000054  00000+0  00000+0 0  9996
2 25019  11.9418  26.6558 0001825  59.1289 316.9265  1.00272255 25929
INMARSAT 3-F5           
1 25153U 98006B   24197.33712446 -.00000279  00000+0  00000+0 0  9999
2 25153   8.1068  59.8436 0004655  54.1061 247.1148  1.00272355 96853
ASTRA 2A                
1 25462U 98050A   24197.79037563  .00000081  00000+0  00000+0 0  9991
2 25462   5.3169  77.1476 0003403  31.1982 167.4919  1.00273095 39300
SKYNET 4E               
1 25639U 99009B   24197.70721049 -.00000024  00000+0  00000+0 0  9990
2 25639  11.6487  12.9217 0002334 118.7378  55.7846  1.00274571 44351
ABS-6                   
1 25924U 99053A   24197.89702177 -.00000100  00000+0  00000+0 0  9992
2 25924   0.0438 276.5123 0004062 201.4904 298.1595  1.00276808 90805
UFO 10 (USA 146)        
1 25967U 99063A   24197.34506435 -.00000176  00000+0  00000+0 0  9992
2 25967   9.4736  30.5199 0002997 130.5906 234.0731  1.00273311 90319
GALAXY 11 (G-11)        
1 26038U 99071A   24197.95485933 -.00000041  00000+0  00000+0 0  9998
2 26038   4.9267  78.9015 0000185 247.4929 117.9190  1.00273208 90044
USA 148                 
1 26052U 00001A   24197.74338861  .00000047  00000+0  00000+0 0  9998
2 26052  10.7548  37.5313 0000427  57.4632 287.1253  1.00270580 25923
ASIASTAR                
1 26107U 00016A   24197.89699978 -.00000322  00000+0  00000+0 0  9997
2 26107   7.4717  65.2804 0004205  48.6998 248.1486  1.00269254 88888
USA 149 (DSP 20)        
1 26356U 00024A   24197.67457698  .00000103  00000+0  00000+0 0  9995
2 26356  12.6375  16.6071 0000865   2.8766 351.9173  1.00264193 25874
TDRS 8                  
1 26388U 00034A   24197.74573823  .00000103  00000+0  00000+0 0  9998
2 26388  11.5792  37.0592 0000818 213.3664 144.6112  1.00266464 88141
INTELSAT 9 (IS-9)       
1 26451U 00043A   24197.87063174  .00000126  00000+0  00000+0 0  9991
2 26451   8.8467  55.4223 0003013  83.0406 126.9195  1.00390674 87819
NSS-11                  
1 26554U 00059A   24197.88556594  .00000043  00000+0  00000+0 0  9994
2 26554   0.3050  88.6726 0003071  26.2248 314.1151  1.00272858 34257
USA 153                 
1 26575U 00065A   24197.87692770 -.00000317  00000+0  00000+0 0  9995
2 26575  10.4030  40.7997 0000941  34.4261 308.8523  1.00266418 25896
AMC-6                   
1 26580U 00067A   24198.18065964  .00000123  00000+0  00000+0 0  9991
2 26580   0.0135  39.6539 0003186  97.2083  83.6773  1.00272245 86959
INTELSAT 1R (IS-1R)     
1 26608U 00072A   24197.95329292 -.00000127  00000+0  00000+0 0  9994
2 26608   6.3344  72.4254 0000222 144.4211 217.6974  1.00271051 86626
ANIK F1                 
1 26624U 00076A   24197.68571590 -.00000047  00000+0  00000+0 0  9997
2 26624   3.3746  83.4009 0009758  27.5220 320.7836  1.00272136 36107
USA 157 (MILSTAR-2 2)   
1 26715U 01009A   24197.61113003  .00000022  00000+0  00000+0 0  9991
2 26715  10.7759  23.6983 0002478  96.5242 269.5256  1.00275926 25927
INTELSAT 10 (IS-10)     
1 26766U 01019A   24197.89366291 -.00000268  00000+0  00000+0 0  9990
2 26766   7.3901  66.3703 0003558  56.9939 232.5181  1.00114141 38585
INTELSAT 901 (IS-901)   
1 26824U 01024A   24197.63027502 -.00000184  00000+0  00000+0 0  9999
2 26824   0.0259 281.1029 0000929 171.4991  40.7631  1.00270437 15950
USA 159 (DSP 21)        
1 26880U 01033A   24197.91220919 -.00000289  00000+0  00000+0 0  9995
2 26880  12.1201  21.1083 0000915 267.1301 285.0706  1.00264935 24580
INTELSAT 902 (IS-902)   
1 26900U 01039A   24197.55420622 -.00000268  00000+0  00000+0 0  9994
2 26900   4.3321  80.3160 0004764  51.9198 311.0533  1.00270413 83661
USA 164 (MILSTAR-2 3)   
1 27168U 02001A   24197.83591132  .00000096  00000+0  00000+0 0  9995
2 27168  10.3454  25.7040 0098994   0.8601 224.7728  1.00277775 24616
INTELSAT 904 (IS-904)   
1 27380U 02007A   24198.05932509 -.00000201  00000+0  00000+0 0  9998
2 27380   5.1506  77.5168 0002991  34.4224 174.3032  1.00272115 82057
DIRECTV 5 (TEMPO 1)     
1 27426U 02023A   24198.19563209 -.00000041  00000+0  00000+0 0  9991
2 27426   3.0734  84.0994 0003433  40.4142 130.3205  1.00272265 81279
INTELSAT 905 (IS-905)   
1 27438U 02027A   24197.10188442 -.00000172  00000+0  00000+0 0  9995
2 27438   4.9740  78.1840 0002772  31.6050 195.8372  1.00272118 44321
GALAXY 3C (G-3C)        
1 27445U 02030A   24198.04638313 -.00000136  00000+0  00000+0 0  9998
2 27445   1.9193  86.4847 0003897  32.9478  96.7745  1.00271728 80929
INTELSAT 906 (IS-906)   
1 27513U 02041A   24198.22103753  .00000028  00000+0  00000+0 0  9990
2 27513   4.0097  81.5529 0003189  25.9666 330.7286  1.00272945 79943
TDRS 10                 
1 27566U 02055A   24197.93900218  .00000097  00000+0  00000+0 0  9997
2 27566   9.6162  45.2038 0004678 352.9020  63.0378  1.00275251 79196
NIMIQ 2                 
1 27632U 02062A   24197.61417583 -.00000056  00000+0  00000+0 0  9998
2 27632   7.7954  63.9528 0005350  52.7784 289.0978  1.00272664 37149
USA 167                 
1 27691U 03008A   24197.68162582  .00000061  00000+0  00000+0 0  9992
2 27691   9.5529  49.2804 0000452 128.5576 231.6848  1.00273720 25910
USA 169 (MILSTAR-2 4)   
1 27711U 03012A   24197.84424130 -.00000186  00000+0  00000+0 0  9997
2 27711  11.2724  35.1662 0098907   3.4718 351.5933  1.00274278 25913
ASIASAT 4               
1 27718U 03014A   24197.83834219 -.00000207  00000+0  00000+0 0  9992
2 27718   2.9001  84.6172 0002437  32.9967 265.8901  1.00270970 38265
HELLAS-SAT 2            
1 27811U 03020A   24197.99165562 -.00000070  00000+0  00000+0 0  9996
2 27811   5.5921  76.1749 0004989  49.4169 155.6846  1.00272078 77309
THURAYA-2               
1 27825U 03026A   24197.77966142  .00000138  00000+0  00000+0 0  9990
2 27825   7.7611  34.1581 0002526  60.2769 164.3645  1.00273555 77310
OPTUS C1                
1 27831U 03028B   24197.93938306 -.00000137  00000+0  00000+0 0  9998
2 27831   5.1166  77.8405 0005722  33.2685 317.0452  1.00272190 77295
GALAXY 23 (G-23)        
1 27854U 03034A   24197.75452751  .00000030  00000+0  00000+0 0  9996
2 27854   1.3786  88.7104 0002627  33.8038 322.3020  1.00272871 76703
USA 170                 
1 27875U 03040A   24197.82479998  .00000139  00000+0  00000+0 0  9996
2 27875   8.9963  54.1880 0001626  30.6160 170.5594  1.00278018 25952
GALAXY 13 (HORIZONS-1)  
1 27954U 03044A   24197.74913211  .00000151  00000+0  00000+0 0  9994
2 27954   0.0207  66.2588 0000741 109.7181 237.7542  1.00272522 39533
YAMAL 202               
1 28089U 03053A   24197.93382875 -.00000066  00000+0  00000+0 0  9997
2 28089   4.5610  79.4132 0004464  49.3262 305.1543  1.00271689 75642
UFO 11 (USA 174)        
1 28117U 03057A   24197.67014757 -.00000091  00000+0  00000+0 0  9993
2 28117   8.1101  36.6611 0003561  85.5809 128.3634  1.00271492 75415
USA 176 (DSP 22)        
1 28158U 04004A   24197.67087667 -.00000210  00000+0  00000+0 0  9994
2 28158  11.0989  30.8413 0000429  16.9300 215.1228  1.00273507 25897
ABS-4 (MOBISAT-1)       
1 28184U 04007A   24197.86267289  .00000054  00000+0  00000+0 0  9992
2 28184   4.2541  80.5070 0004463  47.4602 177.7582  1.00273803 45304
EUTELSAT 7A             
1 28187U 04008A   24197.75130767  .00000118  00000+0  00000+0 0  9995
2 28187   4.0373  80.3048 0002990  39.2806 305.7482  1.00272771 74542
AMC-11                  
1 28252U 04017A   24197.61374073 -.00000032  00000+0  00000+0 0  9999
2 28252   0.0415 299.9528 0001276 175.8286 288.0303  1.00274116 73835
INTELSAT 10-02          
1 28358U 04022A   24197.85396734  .00000007  00000+0  00000+0 0  9997
2 28358   0.0388 260.8024 0001405 191.0037 148.8178  1.00269953 73529
ANIK F2                 
1 28378U 04027A   24197.61374073 -.00000033  00000+0  00000+0 0  9990
2 28378   1.4721  88.2860 0002825  13.5209 302.0025  1.00272237 34221
AMC-15                  
1 28446U 04041A   24198.19563209 -.00000070  00000+0  00000+0 0  9998
2 28446   0.0515 289.1442 0002445 175.8593 154.8991  1.00271035 72319
NSS-10                  
1 28526U 05003A   24197.19428650 -.00000237  00000+0  00000+0 0  9990
2 28526   4.6841  78.8769 0003011  28.5091 218.6349  1.00271533 46110
XTAR-EUR                
1 28542U 05005A   24197.34042962  .00000167  00000+0  00000+0 0  9996
2 28542   2.5191  85.5063 0002986  26.1474 333.5640  1.00273047 71148
XM-3 (RHYTHM)           
1 28626U 05008A   24197.61896208 -.00000187  00000+0  00000+0 0  9995
2 28626   0.0157 220.2507 0004449   2.2989 209.0708  1.00270460 35585
INMARSAT 4-F1           
1 28628U 05009A   24197.56125784  .00000048  00000+0  00000+0 0  9991
2 28628   4.3077  41.1605 0001882  84.6555 188.2338  1.00272085 70632
DIRECTV 8               
1 28659U 05019A   24197.68354032  .00000019  00000+0  00000+0 0  9997
2 28659   0.0119 325.6422 0003171 156.7478 298.6616  1.00273014 70033
GALAXY 28 (G-28)        
1 28702U 05022A   24198.14205966 -.00000168  00000+0  00000+0 0  9999
2 28702   1.4842  87.6641 0001626 153.1412  15.7916  1.00271093 69797
THAICOM 4               
1 28786U 05028A   24197.68260986 -.00000344  00000+0  00000+0 0  9994
2 28786   0.0249  45.2174 0002099  71.9991 182.0452  1.00269890 45216
GALAXY 14 (G-14)        
1 28790U 05030A   24197.78548027  .00000170  00000+0  00000+0 0  9994
2 28790   3.2017  83.5090 0001589  17.1608 149.1179  1.00270048 69270
ANIK F1R                
1 28868U 05036A   24198.19563209 -.00000059  00000+0  00000+0 0  9998
2 28868   2.5042  85.3081 0003793  18.7310 153.6012  1.00272094 69125
SYRACUSE 3A             
1 28885U 05041B   24197.85971413  .00000147  00000+0  00000+0 0  9992
2 28885   2.8460  84.5834 0002328  30.6178 174.6646  1.00273734 68718
INMARSAT 4-F2           
1 28899U 05044A   24197.83834219 -.00000246  00000+0  00000+0 0  9991
2 28899   4.2198  42.5643 0002016  80.5208 256.3656  1.00270756 68485
SPACEWAY 2              
1 28903U 05046B   24197.67979834  .00000117  00000+0  00000+0 0  9990
2 28903   3.6719  79.9476 0000056 312.7318   7.2459  1.00279531 44304
METEOSAT-9 (MSG-2)      
1 28912U 05049B   24197.78800392  .00000136  00000+0  00000+0 0  9998
2 28912   7.7494  60.6285 0002034   5.1065 197.8203  1.00277513 68019
EUTELSAT 174A           
1 28924U 05052A   24197.88000850  .00000026  00000+0  00000+0 0  9995
2 28924   2.4307  85.1965 0006476  27.5552 312.2415  1.00273086 45291
ECHOSTAR 10             
1 28935U 06003A   24197.68554184 -.00000037  00000+0  00000+0 0  9999
2 28935   0.0289 304.1360 0001805 132.3964 354.0794  1.00272456 67436
SPAINSAT                
1 28945U 06007A   24197.26780252 -.00000198  00000+0  00000+0 0  9993
2 28945   0.0362 221.9009 0004567 281.9791 216.1503  1.00270842 67187
EUTELSAT HOTBIRD 13E    
1 28946U 06007B   24197.85309752  .00000104  00000+0  00000+0 0  9997
2 28946   0.2845 105.0846 0005050  11.6091 137.3786  1.00271863 67299
JCSAT-5A                
1 29045U 06010A   24197.53714538 -.00000310  00000+0  00000+0 0  9999
2 29045   0.0129 345.9615 0000189 164.8911 108.4268  1.00270151 66733
ASTRA 1KR               
1 29055U 06012A   24197.35341852  .00000137  00000+0  00000+0 0  9993
2 29055   0.0649 275.8696 0002666 243.4610 280.7948  1.00269107 38684
EWS-G1 (GOES 13)        
1 29155U 06018A   24197.90631819 -.00000132  00000+0  00000+0 0  9992
2 29155   2.6981  84.9686 0077272 256.0098  29.4646  0.99048781 36316
GALAXY 16 (G-16)        
1 29236U 06023A   24197.68771741 -.00000108  00000+0  00000+0 0  9995
2 29236   0.0456 239.2831 0002891 236.6514 326.6505  1.00272478 65935
EUTELSAT HOTBIRD 13B    
1 29270U 06032A   24197.83035416  .00000174  00000+0  00000+0 0  9994
2 29270   0.0273  32.0376 0004637  91.4025 142.7123  1.00270875 40279
JCSAT-3A                
1 29272U 06033A   24197.87119418 -.00000327  00000+0  00000+0 0  9997
2 29272   0.0275 287.8438 0002298 186.9551 261.0369  1.00270715 40705
SYRACUSE 3B             
1 29273U 06033B   24198.06411135 -.00000026  00000+0  00000+0 0  9997
2 29273   1.0944  89.1892 0003529  22.3536 200.7060  1.00271895 65728
KOREASAT 5 (MUGUNGWHA 5)
1 29349U 06034A   24197.90817856 -.00000340  00000+0  00000+0 0  9993
2 29349   0.0293 168.2988 0001643 345.9403 219.9973  1.00271991 34284
DIRECTV 9S              
1 29494U 06043A   24198.19563209 -.00000095  00000+0  00000+0 0  9993
2 29494   0.6026  89.3034 0003171  27.3555 147.0795  1.00272043 65070
OPTUS D1                
1 29495U 06043B   24197.89702177 -.00000167  00000+0  00000+0 0  9999
2 29495   1.2166  88.5015 0003947  23.5854 297.0454  1.00270116 65082
BADR-4                  
1 29526U 06051A   24197.87063174  .00000164  00000+0  00000+0 0  9994
2 29526   0.1881  81.2154 0001715  28.5006 164.1770  1.00274092 64854
WILDBLUE-1              
1 29643U 06054A   24198.19563209 -.00000032  00000+0  00000+0 0  9992
2 29643   0.9846  89.9057 0001835  22.6751 141.1821  1.00272493 64513
SKYNET 5A               
1 30794U 07007B   24197.89167831 -.00000256  00000+0  00000+0 0  9995
2 30794   3.5031  82.1888 0003306  37.2662 230.9676  1.00270557 63661
ANIK F3                 
1 31102U 07009A   24198.18466269  .00000018  00000+0  00000+0 0  9996
2 31102   0.0219  39.8201 0002447  63.5629 138.8863  1.00269926 63306
ASTRA 1L                
1 31306U 07016A   24197.63967347  .00000138  00000+0  00000+0 0  9995
2 31306   0.0786 304.4983 0001037 130.4307 108.5183  1.00270339 37962
GALAXY 17 (G-17)        
1 31307U 07016B   24198.19136281 -.00000189  00000+0  00000+0 0  9990
2 31307   1.1872  89.0279 0004332  38.1550 151.2113  1.00272095 63047
ZHONGXING-6B            
1 31800U 07031A   24198.15118878 -.00000343  00000+0  00000+0 0  9995
2 31800   0.5860  90.9138 0002868  25.8333 347.4818  1.00272361 62444
DIRECTV 10              
1 31862U 07032A   24197.39910650 -.00000085  00000+0  00000+0 0  9990
2 31862   0.0380 227.2080 0000177   0.8835 106.5257  1.00272308 62369
BSAT-3A                 
1 32019U 07036B   24197.62847876 -.00000332  00000+0  00000+0 0  9999
2 32019   0.0524 220.7191 0002560 315.1426  94.1909  1.00270929 43497
OPTUS D2                
1 32252U 07044A   24197.89702177 -.00000092  00000+0  00000+0 0  9993
2 32252   0.2528  91.7755 0003637  24.2953 301.1338  1.00271878 61539
INTELSAT 11 (IS-11)     
1 32253U 07044B   24197.77045187 -.00000252  00000+0  00000+0 0  9990
2 32253   1.7354  87.4757 0003257  32.3129  48.6675  1.00271368 61463
WGS F1 (USA 195)        
1 32258U 07046A   24197.17699644 -.00000249  00000+0  00000+0 0  9990
2 32258   0.1021  92.5131 0002720 346.3878 235.8864  1.00278771 45308
SKYNET 5B               
1 32294U 07056B   24197.87063174  .00000156  00000+0  00000+0 0  9997
2 32294   3.4588  81.8132 0003297  31.4136 159.4923  1.00273142 61169
ASTRA 4A                
1 32299U 07057A   24197.85396734  .00000051  00000+0  00000+0 0  9996
2 32299   0.0121  34.2672 0003145  65.4102 146.7398  1.00271176 44625
HORIZONS-2              
1 32388U 07063B   24197.76427405 -.00000235  00000+0  00000+0 0  9997
2 32388   0.7830  89.3948 0002123  25.3099  20.7329  1.00270864 60783
THURAYA-3               
1 32404U 08001A   24197.89344769 -.00000288  00000+0  00000+0 0  9992
2 32404   4.8898  32.6943 0002387  73.5196 248.1497  1.00270838 60459
THOR 5                  
1 32487U 08006A   24197.34950250  .00000009  00000+0  00000+0 0  9996
2 32487   0.0312 222.8117 0002499 249.4604 306.4711  1.00271740 60143
AMC-14                  
1 32708U 08011A   24197.71095247  .00000074  00000+0  00000+0 0  9997
2 32708  23.1245  28.9525 0038542   6.3937 172.1561  1.00276409 61122
DIRECTV 11              
1 32729U 08013A   24197.61617735 -.00000107  00000+0  00000+0 0  9991
2 32729   0.0359 208.1475 0000330 260.4103 308.0242  1.00271545 59908
ICO G1                  
1 32763U 08016A   24198.04673122 -.00000158  00000+0  00000+0 0  9998
2 32763   4.9495  35.2082 0002139  72.3998 110.7333  1.00271964 59436
VINASAT-1               
1 32767U 08018A   24197.75322284 -.00000310  00000+0  00000+0 0  9991
2 32767   0.0457 285.5429 0001929 196.8366 214.7997  1.00272954 59551
STAR ONE C2             
1 32768U 08018B   24198.19536584 -.00000258  00000+0  00000+0 0  9992
2 32768   0.0338 329.2719 0002681 144.7509 185.8215  1.00270216 59511
AMOS-3                  
1 32794U 08022A   24197.77817038 -.00000017  00000+0  00000+0 0  9998
2 32794   0.0154  86.2206 0001438  55.0700  68.8177  1.00273302 59418
GALAXY 18 (G-18)        
1 32951U 08024A   24197.75444049  .00000043  00000+0  00000+0 0  9999
2 32951   0.0135 313.0487 0003084 163.1638 326.4573  1.00274051 38810
ZHONGXING-9             
1 33051U 08028A   24197.89216174 -.00000229  00000+0  00000+0 0  9993
2 33051   0.0277 110.4807 0005305  22.5978 214.5141  1.00270004 59003
SKYNET 5C               
1 33055U 08030A   24198.06167472 -.00000123  00000+0  00000+0 0  9999
2 33055   1.9792  85.1125 0003858  35.5936 178.0865  1.00272276 58862
TURKSAT 3A              
1 33056U 08030B   24197.64422365  .00000164  00000+0  00000+0 0  9992
2 33056   0.0304 119.1305 0005398   0.0425  88.6866  1.00271317 45320
INTELSAT 25 (IS-25)     
1 33153U 08034A   24197.70111890 -.00000206  00000+0  00000+0 0  9997
2 33153   0.8905  89.0465 0003138  27.6197  38.2599  1.00271866 58660
BADR-6                  
1 33154U 08034B   24197.87063174  .00000162  00000+0  00000+0 0  9997
2 33154   1.0312  86.7971 0008448  17.8103 169.2196  1.00271260 58711
ECHOSTAR 11             
1 33207U 08035A   24198.19563209 -.00000038  00000+0  00000+0 0  9990
2 33207   0.0449 271.1809 0003012 188.7710 154.9921  1.00272186 58629
SUPERBIRD-C2            
1 33274U 08038A   24197.83834219 -.00000233  00000+0  00000+0 0  9996
2 33274   0.5422  90.6079 0000464  71.7216 217.5729  1.00271332 98697
AMC-21                  
1 33275U 08038B   24197.75417942  .00000054  00000+0  00000+0 0  9998
2 33275   1.1278  89.5987 0002711  25.5045 325.5811  1.00271408 58459
INMARSAT 4-F3           
1 33278U 08039A   24197.68771741 -.00000124  00000+0  00000+0 0  9993
2 33278   3.7273  27.6321 0002657  95.3531 320.5932  1.00271282 39519
NIMIQ 4                 
1 33373U 08044A   24197.61957125 -.00000202  00000+0  00000+0 0  9997
2 33373   0.0385  75.0194 0002054  60.4634 299.5574  1.00274103 57941
GALAXY 19 (G-19)        
1 33376U 08045A   24197.90952050 -.00000121  00000+0  00000+0 0  9995
2 33376   0.0576 265.2418 0002860 216.2601  43.1565  1.00272142 57807
ASTRA 1M                
1 33436U 08057A   24197.35341852  .00000138  00000+0  00000+0 0  9993
2 33436   0.0324  77.0461 0005739  47.5682 315.4902  1.00272018 38692
EUTELSAT HOTBIRD 13C    
1 33459U 08065A   24197.70494789 -.00000083  00000+0  00000+0 0  9994
2 33459   1.1355  87.0899 0004542  26.7135  61.5010  1.00271822 40315
EXPRESS-AM44            
1 33595U 09007A   24197.70520896 -.00000072  00000+0  00000+0 0  9999
2 33595   1.6488  87.0064 0004906  20.9201  68.9642  1.00272038 45256
NSS-9                   
1 33749U 09008A   24198.07688301  .00000090  00000+0  00000+0 0  9997
2 33749   0.0276 318.2508 0002249 149.0992  37.7972  1.00272405 56536
EUTELSAT 33E            
1 33750U 09008B   24197.61669949 -.00000131  00000+0  00000+0 0  9992
2 33750   0.8556  88.5493 0004976  27.9893 304.0427  1.00272098 56409
TELSTAR 11N             
1 34111U 09009A   24197.69998760 -.00000233  00000+0  00000+0 0  9992
2 34111   0.0242  45.2958 0002713  57.0625  46.1057  1.00268913 39219
WGS F2 (USA 204)        
1 34713U 09017A   24197.79011456  .00000086  00000+0  00000+0 0  9993
2 34713   0.0071  57.0040 0000311  94.8623 124.2082  1.00271590 38589
SES-7 (PROTOSTAR 2)     
1 34941U 09027A   24197.90348934 -.00000327  00000+0  00000+0 0  9993
2 34941   0.0176  46.0750 0000304 126.3340 195.3326  1.00271153 55587
MEASAT-3A               
1 35362U 09032A   24198.16853961 -.00000093  00000+0  00000+0 0  9997
2 35362   0.0404 239.2309 0002837 218.9151  56.9512  1.00271132 55201
GOES 14                 
1 35491U 09033A   24197.61426286 -.00000048  00000+0  00000+0 0  9996
2 35491   0.4036 101.4325 0003961   9.4727 295.6879  1.00272690 55071
FM-5                    
1 35493U 09034A   24197.61870101 -.00000182  00000+0  00000+0 0  9997
2 35493   0.0254 293.9490 0000291 346.9093 149.6790  1.00270892 39602
TERRESTAR-1             
1 35496U 09035A   24197.68536780 -.00000042  00000+0  00000+0 0  9995
2 35496   4.4822  47.6558 0002623  74.3810 307.6924  1.00272443 55105
ASIASAT 5               
1 35696U 09042A   24197.89859942 -.00000289  00000+0  00000+0 0  9999
2 35696   0.0675 259.5684 0001628 186.1288 272.5157  1.00271480 54673
JCSAT-12 (JCSAT-RA)     
1 35755U 09044A   24197.87471396 -.00000309  00000+0  00000+0 0  9991
2 35755   0.0487  90.1196 0002391 359.8290 291.2120  1.00272993 54574
OPTUS D3                
1 35756U 09044B   24197.89702177 -.00000129  00000+0  00000+0 0  9998
2 35756   0.0828  70.1706 0003735  25.5623 317.4166  1.00272004 54528
NIMIQ 5                 
1 35873U 09050A   24197.61865154 -.00000238  00000+0  00000+0 0  9991
2 35873   0.0316 274.6192 0002915 191.1987 338.1540  1.00271488 54309
AMAZONAS 2              
1 35942U 09054A   24197.19436275 -.00000264  00000+0  00000+0 0  9992
2 35942   0.0412 118.5790 0005693  15.2642 168.6446  1.00269491 54147
COMSATBW-1              
1 35943U 09054B   24198.07768689  .00000043  00000+0  00000+0 0  9992
2 35943   0.0354  60.7672 0002776  58.5301 266.0820  1.00270551 54239
NSS-12                  
1 36032U 09058A   24197.86188969  .00000089  00000+0  00000+0 0  9999
2 36032   0.0672 279.0726 0003630 194.2047 188.1935  1.00273284 53889
THOR 6                  
1 36033U 09058B   24197.70729750  .00000008  00000+0  00000+0 0  9993
2 36033   0.0327 227.8080 0001946 237.8460  82.1605  1.00271337 53976
INTELSAT 14 (IS-14)     
1 36097U 09064A   24197.12599851 -.00000256  00000+0  00000+0 0  9999
2 36097   0.0206  68.2280 0002534  45.0586 180.5431  1.00272173 53567
EUTELSAT 36B            
1 36101U 09065A   24197.83035416  .00000174  00000+0  00000+0 0  9994
2 36101   0.0675  21.3347 0005678  91.6106 156.0333  1.00274101 53689
INTELSAT 15 (IS-15)     
1 36106U 09067A   24197.89216174 -.00000167  00000+0  00000+0 0  9992
2 36106   0.0255  48.2429 0002500  67.1656 225.1437  1.00270699 34192
WGS F3 (USA 211)        
1 36108U 09068A   24197.37104135 -.00000250  00000+0  00000+0 0  9994
2 36108   0.0160  39.6195 0000329  92.0769 252.7990  1.00273544 39560
DIRECTV 12              
1 36131U 09075A   24197.68693420 -.00000085  00000+0  00000+0 0  9998
2 36131   0.0113 265.4666 0000322 156.9783  16.1448  1.00272430 39524
BEIDOU-2 G1             
1 36287U 10001A   24198.16462359 -.00000265  00000+0  00000+0 0  9990
2 36287   2.6750  58.5282 0003211 317.2413 118.4056  1.00270624 53135
RADUGA-1M 2             
1 36358U 10002A   24198.19702316 -.00000167  00000+0  00000+0 0  9994
2 36358   1.7945  88.1301 0001624  28.1451 334.2102  1.00271446 52982
SDO                     
1 36395U 10005A   24197.25813176 -.00000080  00000+0  00000+0 0  9995
2 36395  33.1795  97.1549 0000702 167.4856  19.7926  1.00270198 52994
INTELSAT 16 (IS-16)     
1 36397U 10006A   24198.09354751 -.00000226  00000+0  00000+0 0  9992
2 36397   0.0121  34.5215 0002982 107.7804 109.5842  1.00271519 52688
EWS-G2 (GOES 15)        
1 36411U 10008A   24197.86267289  .00000057  00000+0  00000+0 0  9995
2 36411   0.3768  88.9744 0003084 102.5565 114.3720  1.00272416 52604
ECHOSTAR 14             
1 36499U 10010A   24197.46912046  .00000018  00000+0  00000+0 0  9995
2 36499   0.0148   3.1416 0002257 108.6882 231.9554  1.00274717 39516
SES-1                   
1 36516U 10016A   24197.68736932 -.00000096  00000+0  00000+0 0  9990
2 36516   0.0448 289.2598 0002743 176.5870 334.6157  1.00272540 52009
ASTRA 3B                
1 36581U 10021A   24197.71208375  .00000155  00000+0  00000+0 0  9992
2 36581   0.0175  10.1148 0004181 104.5845  99.1655  1.00272965 51849
COMSATBW-2              
1 36582U 10021B   24197.85318455  .00000107  00000+0  00000+0 0  9996
2 36582   0.0567 108.7199 0002366  17.1161 128.7047  1.00275035 51922
BEIDOU-2 G3             
1 36590U 10024A   24197.91646539 -.00000120  00000+0  00000+0 0  9998
2 36590   2.8690  61.2665 0008281 356.2995 286.1647  1.00274101 51730
BADR-5                  
1 36592U 10025A   24197.64106583  .00000163  00000+0  00000+0 0  9997
2 36592   0.0368 128.6771 0005505   3.9942  58.0536  1.00270327 46186
COMS 1                  
1 36744U 10032A   24198.04216056 -.00000329  00000+0  00000+0 0  9991
2 36744   3.0138  84.0511 0001014  28.7721 324.8603  1.00271338 51628
ARABSAT-5A              
1 36745U 10032B   24197.71347611  .00000172  00000+0  00000+0 0  9992
2 36745   0.0739  58.5129 0005275  53.5436 109.3008  1.00273570 51610
ECHOSTAR 15             
1 36792U 10034A   24197.48043341 -.00000263  00000+0  00000+0 0  9995
2 36792   0.0164  38.7609 0002237  56.4738 309.8935  1.00273351 51285
BEIDOU-2 IGSO-1         
1 36828U 10036A   24197.85027238 -.00000060  00000+0  00000+0 0  9990
2 36828  54.2575 169.3053 0041749 207.0887 331.9206  1.00274357 51178
NILESAT 201             
1 36830U 10037A   24197.63445212 -.00000039  00000+0  00000+0 0  9992
2 36830   0.0276 124.7904 0005279  10.4885  20.0856  1.00271861 51332
RASCOM-QAF 1R           
1 36831U 10037B   24197.85396734  .00000037  00000+0  00000+0 0  9998
2 36831   0.0546  99.6129 0005677  13.1070 131.7831  1.00272876 51262
AEHF-1 (USA 214)        
1 36868U 10039A   24197.85396734  .00000038  00000+0  00000+0 0  9991
2 36868   6.4501  76.9740 0004241  28.7845 139.9274  1.00275415 46625
XM-5                    
1 37185U 10053A   24197.68449757 -.00000004  00000+0  00000+0 0  9999
2 37185   0.0184  39.5415 0000304 127.8010 257.8981  1.00269116 50441
BSAT-3B                 
1 37207U 10056B   24197.80034463 -.00000332  00000+0  00000+0 0  9999
2 37207   0.0727 297.2210 0001325  67.7263 327.1525  1.00270100 45074
BEIDOU-2 G4             
1 37210U 10057A   24197.89702177 -.00000096  00000+0  00000+0 0  9994
2 37210   1.9114  69.1634 0004269 150.9652 196.9757  1.00270407 50256
SKYTERRA 1              
1 37218U 10061A   24197.68728229 -.00000102  00000+0  00000+0 0  9998
2 37218   3.6696  48.5549 0001859  58.5799 332.9800  1.00271266 50166
HYLAS 1                 
1 37237U 10065A   24197.83834219 -.00000191  00000+0  00000+0 0  9995
2 37237   3.8473  81.5702 0007030 296.0305   0.4993  1.00583639 49943
INTELSAT 17 (IS-17)     
1 37238U 10065B   24197.86363014  .00000016  00000+0  00000+0 0  9994
2 37238   0.0291  82.1352 0002718  55.5737 173.3830  1.00272143 46205
BEIDOU-2 IGSO-2         
1 37256U 10068A   24197.67613606 -.00000191  00000+0  00000+0 0  9996
2 37256  48.8253 280.4752 0039567 214.9898 147.8491  1.00294945 49768
EUTELSAT KA-SAT 9A      
1 37258U 10069A   24197.35141701  .00000079  00000+0  00000+0 0  9990
2 37258   0.0886 282.1935 0004035 180.3643 326.6202  1.00268572 36973
HISPASAT 30W-5          
1 37264U 10070A   24197.62992694 -.00000198  00000+0  00000+0 0  9997
2 37264   0.0207 119.0471 0005950   7.0463   4.6484  1.00271701 46156
KOREASAT 6              
1 37265U 10070B   24197.91651437 -.00000343  00000+0  00000+0 0  9999
2 37265   0.0161  59.1523 0001346  73.5892 247.4541  1.00268104 49659
BEIDOU-2 IGSO-3         
1 37384U 11013A   24198.01462962 -.00000163  00000+0  00000+0 0  9994
2 37384  61.3916  46.8327 0027661 173.6894 183.5711  1.00251974 48639
INTELSAT NEW DAWN       
1 37392U 11016A   24197.86472715  .00000174  00000+0  00000+0 0  9996
2 37392   0.0238  62.2207 0001577  62.7370 153.3316  1.00270544 46255
YAHSAT 1A               
1 37393U 11016B   24198.07559833  .00000120  00000+0  00000+0 0  9999
2 37393   0.0234 285.4084 0003245 195.7072 252.9861  1.00270144 48534
SBIRS GEO-1 (USA 230)   
1 37481U 11019A   24198.07829604  .00000012  00000+0  00000+0 0  9996
2 37481   3.0503  49.0377 0001549  69.1862 270.0534  1.00271987 48319
TELSTAR 14R             
1 37602U 11021A   24197.55176958 -.00000262  00000+0  00000+0 0  9991
2 37602   0.0173  79.1827 0002547 358.6148 351.7267  1.00271840 48790
GSAT-8                  
1 37605U 11022A   24197.57517867  .00000102  00000+0  00000+0 0  9997
2 37605   0.3097  91.2087 0002447 153.6370 311.2208  1.00271532 46188
ST-2                    
1 37606U 11022B   24197.89216174 -.00000193  00000+0  00000+0 0  9991
2 37606   0.0208  49.3542 0000891  94.9829 199.0753  1.00270815 48246
ZHONGXING-10            
1 37677U 11026A   24197.90611867 -.00000334  00000+0  00000+0 0  9990
2 37677   0.0580 256.3171 0004538 255.1710 219.4684  1.00271437 47966
SES-3                   
1 37748U 11035A   24197.61539417 -.00000083  00000+0  00000+0 0  9998
2 37748   0.0216  40.9903 0003137  72.4472 299.0484  1.00272141 47550
KAZSAT-2                
1 37749U 11035B   24197.15210531 -.00000181  00000+0  00000+0 0  9990
2 37749   0.0321 136.6019 0001820  37.6088 260.5303  1.00273347 46340
BEIDOU-2 IGSO-4         
1 37763U 11038A   24197.91785355  .00000048  00000+0  00000+0 0  9995
2 37763  54.5629 171.9192 0126226 229.0801 316.3339  1.00254048 47609
ASTRA 1N                
1 37775U 11041A   24197.71121352  .00000138  00000+0  00000+0 0  9991
2 37775   0.0519 356.1171 0005076  90.9199 122.2369  1.00272123 37491
BSAT-3C (JCSAT-110R)    
1 37776U 11041B   24198.01549984 -.00000332  00000+0  00000+0 0  9998
2 37776   0.0173  21.2886 0000218 151.4421 237.1316  1.00271976 47499
PAKSAT-1R               
1 37779U 11042A   24198.00114111  .00000172  00000+0  00000+0 0  9992
2 37779   0.0045 185.0345 0003213 262.1423 245.5137  1.00267004 47254
SES-2                   
1 37809U 11049A   24197.61852698 -.00000177  00000+0  00000+0 0  9994
2 37809   0.0394 292.7155 0002636 179.5120 317.3928  1.00272250 46921
ARABSAT-5C              
1 37810U 11049B   24197.87063174  .00000141  00000+0  00000+0 0  9997
2 37810   0.0468  14.4705 0005340 135.1769 117.9466  1.00270859 47012
EUTELSAT 7 WEST A       
1 37816U 11051A   24198.06376326 -.00000042  00000+0  00000+0 0  9995
2 37816   0.0584   4.0682 0004528 129.4552 176.5172  1.00271377 46930
QUETZSAT 1              
1 37826U 11054A   24197.76357788 -.00000223  00000+0  00000+0 0  9997
2 37826   0.0170  48.4210 0002735  63.6723  19.8830  1.00270339 47060
INTELSAT 18 (IS-18)     
1 37834U 11056A   24197.86924490  .00000071  00000+0  00000+0 0  9999
2 37834   0.0237  44.9011 0001932  68.8535 313.3726  1.00272791 46811
EUTELSAT 16A            
1 37836U 11057A   24197.87063174  .00000122  00000+0  00000+0 0  9993
2 37836   0.0648   0.6787 0005154 112.7521 150.1609  1.00270918   290
VIASAT-1                
1 37843U 11059A   24198.12965957 -.00000005  00000+0  00000+0 0  9993
2 37843   0.0145  12.1010 0002645 100.4990 113.4098  1.00270628 47241
ASIASAT 7               
1 37933U 11069A   24197.90149096 -.00000316  00000+0  00000+0 0  9992
2 37933   0.0137 117.9763 0001708 331.1779 275.1335  1.00272037 37827
BEIDOU-2 IGSO-5         
1 37948U 11073A   24197.67050877 -.00000159  00000+0  00000+0 0  9990
2 37948  48.9584 280.1657 0101904 220.6101 129.6589  1.00287830 46095
LUCH-5A                 
1 37951U 11074B   24197.95485933 -.00000037  00000+0  00000+0 0  9996
2 37951   6.9565  84.5282 0004450  33.4440 327.0117  1.00270242 46164
NIGCOMSAT 1R            
1 38014U 11077A   24197.83035416  .00000163  00000+0  00000+0 0  9993
2 38014   0.0323 132.4818 0001123 195.7850 307.3031  1.00271105 45996
FENGYUN 2F              
1 38049U 12002A   24198.01593495 -.00000344  00000+0  00000+0 0  9999
2 38049   5.6626  72.8481 0001692 113.8539 225.5355  1.00268974 45855
WGS F4 (USA 233)        
1 38070U 12003A   24197.67362303 -.00000197  00000+0  00000+0 0  9993
2 38070   0.0179  64.6225 0000103  65.1136 135.1912  1.00269603 37108
SES-4                   
1 38087U 12007A   24198.06080448 -.00000150  00000+0  00000+0 0  9995
2 38087   0.0193  75.3518 0002396  42.9015 176.0133  1.00270213 45456
BEIDOU-2 G5             
1 38091U 12008A   24197.86223778  .00000074  00000+0  00000+0 0  9997
2 38091   2.1431  71.0792 0003706 260.4866 331.7530  1.00268363 45334
MUOS-1                  
1 38093U 12009A   24197.68763038 -.00000112  00000+0  00000+0 0  9992
2 38093   4.0945  44.9738 0056027   3.4620  33.1218  1.00272939 45412
INTELSAT 22 (IS-22)     
1 38098U 12011A   24197.86484847 -.00000041  00000+0  00000+0 0  9999
2 38098   0.0111  39.1306 0001769  88.6468 189.8531  1.00271998   156
APSTAR-7                
1 38107U 12013A   24197.86571868 -.00000084  00000+0  00000+0 0  9999
2 38107   0.0213 102.1311 0002428  11.1857 209.0477  1.00271676 44776
YAHSAT 1B               
1 38245U 12016A   24197.73313465  .00000145  00000+0  00000+0 0  9995
2 38245   0.0174  84.1780 0003679  43.5352 117.8727  1.00270433 38566
AEHF-2 (USA 235)        
1 38254U 12019A   24197.54559097 -.00000146  00000+0  00000+0 0  9992
2 38254   5.0251  61.5678 0001405 105.8981 228.6200  1.00270631 43818
JCSAT-13                
1 38331U 12023A   24197.74277958 -.00000338  00000+0  00000+0 0  9991
2 38331   0.0227  41.6868 0002627  75.1029 208.6928  1.00269104 44506
VINASAT-2               
1 38332U 12023B   24197.87471396 -.00000311  00000+0  00000+0 0  9999
2 38332   0.0167 347.7430 0002513 119.9900 273.2114  1.00272006 39621
NIMIQ 6                 
1 38342U 12026A   24197.61774376 -.00000155  00000+0  00000+0 0  9995
2 38342   0.0109 337.2370 0002330 125.5110 322.4839  1.00272129 43383
ZHONGXING-2A            
1 38352U 12028A   24197.89427813 -.00000275  00000+0  00000+0 0  9992
2 38352   0.0294 125.3954 0001914 261.4685 327.5544  1.00270478 44348
INTELSAT 19 (IS-19)     
1 38356U 12030A   24198.16975793 -.00000038  00000+0  00000+0 0  9992
2 38356   0.0181  20.6874 0003228 100.6910  40.2289  1.00272385 44489
ECHOSTAR 17             
1 38551U 12035A   24197.61452392 -.00000057  00000+0  00000+0 0  9999
2 38551   0.0160  53.9092 0002353  76.1891 277.9709  1.00271731 44027
METEOSAT-10 (MSG-3)     
1 38552U 12035B   24197.77895358  .00000009  00000+0  00000+0 0  9996
2 38552   3.0273  61.1839 0000386 337.4628 175.8805  1.00272485 43828
SES-5                   
1 38652U 12036A   24198.06619990  .00000052  00000+0  00000+0 0  9995
2 38652   0.0755 290.1997 0002184 181.8433 211.1591  1.00271227 44036
INTELSAT 20 (IS-20)     
1 38740U 12043A   24197.86415227 -.00000006  00000+0  00000+0 0  9995
2 38740   0.0112  66.3025 0000561 133.8549 113.6165  1.00270998 43719
HYLAS 2                 
1 38741U 12043B   24198.01993978 -.00000245  00000+0  00000+0 0  9993
2 38741   0.6088  89.9153 0001360  48.3175 305.7840  1.00270034 43821
INTELSAT 21 (IS-21)     
1 38749U 12045A   24197.48121663 -.00000267  00000+0  00000+0 0  9991
2 38749   0.0172  56.2190 0002011  63.5031 289.3334  1.00272294 43486
ASTRA 2F                
1 38778U 12051A   24197.71304101  .00000168  00000+0  00000+0 0  9995
2 38778   0.0942 256.0136 0002335 273.1140  49.8073  1.00269546 34094
GSAT-10                 
1 38779U 12051B   24197.72394789 -.00000147  00000+0  00000+0 0  9996
2 38779   0.0150  95.8134 0000502 312.3024 229.5650  1.00273054 43079
INTELSAT 23 (IS-23)     
1 38867U 12057A   24197.98305465 -.00000266  00000+0  00000+0 0  9993
2 38867   0.0430 225.2528 0001568 195.4348 174.5103  1.00275730 43071
BEIDOU-2 G6             
1 38953U 12059A   24198.14146674 -.00000157  00000+0  00000+0 0  9994
2 38953   2.6308  80.3106 0008737 322.0378  26.9268  1.00267642 43016
LUCH-5B                 
1 38977U 12061A   24197.98747362 -.00000125  00000+0  00000+0 0  9990
2 38977   8.9491  56.4519 0004882 101.0744 116.0377  1.00272640 43145
YAMAL 300K              
1 38978U 12061B   24197.67231439  .00000090  00000+0  00000+0 0  9990
2 38978   0.0127 336.1459 0000378 162.3607 220.4903  1.00276971 42594
STAR ONE C3             
1 38991U 12062A   24197.76410001 -.00000230  00000+0  00000+0 0  9997
2 38991   0.0167   6.4535 0002463 124.4518   3.2627  1.00270991 42723
EUTELSAT 21B            
1 38992U 12062B   24197.87063174  .00000148  00000+0  00000+0 0  9992
2 38992   0.0649   0.7677 0002542 107.7454 160.7082  1.00270191 42797
ECHOSTAR 16             
1 39008U 12065A   24197.48052044 -.00000264  00000+0  00000+0 0  9995
2 39008   0.0166  48.6014 0002017  61.3669 295.3321  1.00271283 42778
ZHONGXING-12            
1 39017U 12067A   24197.89216174 -.00000189  00000+0  00000+0 0  9994
2 39017   0.0245 100.2871 0002957  12.9563 229.6396  1.00272807 42472
EUTELSAT 70B            
1 39020U 12069A   24197.86432632 -.00000025  00000+0  00000+0 0  9995
2 39020   0.0603   1.5020 0003449 114.8402 199.4844  1.00270978 42473
YAMAL 402               
1 39022U 12070A   24197.86145457  .00000104  00000+0  00000+0 0  9992
2 39022   0.0329 106.7764 0003864   8.2342 184.1939  1.00272379 42364
SKYNET 5D               
1 39034U 12075A   24197.86101946  .00000118  00000+0  00000+0 0  9990
2 39034   0.0648   2.0480 0003650 115.7308 179.1159  1.00270438 42129
MEXSAT 3                
1 39035U 12075B   24197.61304454 -.00000007  00000+0  00000+0 0  9991
2 39035   0.0142  77.2838 0001636  42.7129 279.8420  1.00271725 42143
TDRS 11                 
1 39070U 13004A   24197.92590567  .00000095  00000+0  00000+0 0  9995
2 39070   2.7587  12.6957 0006177  56.1877  24.3139  1.00268265 39661
AMAZONAS 3              
1 39078U 13006A   24190.17063160 -.00000285  00000+0  00000+0 0  9991
2 39078   0.0068 261.2368 0003081 247.2980 138.4909  1.00270317 41869
AZERSPACE 1             
1 39079U 13006B   24197.85971413  .00000151  00000+0  00000+0 0  9994
2 39079   0.0153 316.5856 0002162 175.2083 157.8856  1.00269991 41776
SBIRS GEO-2 (USA 241)   
1 39120U 13011A   24198.05758464 -.00000241  00000+0  00000+0 0  9990
2 39120   3.0346  47.6868 0001494  72.9473 156.4662  1.00271354 41550
EUTELSAT 117 WEST A     
1 39122U 13012A   24197.61260942  .00000005  00000+0  00000+0 0  9990
2 39122   0.0265  65.9927 0002998  53.6076 278.0802  1.00272333 41390
ANIK G1                 
1 39127U 13014A   24197.68606399 -.00000056  00000+0  00000+0 0  9991
2 39127   0.0448 265.1752 0001298 228.9466 299.5785  1.00272797 41213
ZHONGXING-11            
1 39157U 13020A   24197.89427816 -.00000272  00000+0  00000+0 0  9999
2 39157   0.0279  89.0991 0001710 245.9589  19.0215  1.00271237 40861
EUTELSAT 7B             
1 39163U 13022A   24197.84146552  .00000067  00000+0  00000+0 0  9999
2 39163   0.0725 337.9114 0003783  63.1788 203.0080  1.00273849 40933
WGS F5 (USA 243)        
1 39168U 13024A   24197.69685479 -.00000266  00000+0  00000+0 0  9997
2 39168   0.0180  62.4169 0000262  84.3271 345.6459  1.00271755 40133
SES-6                   
1 39172U 13026A   24197.34023727 -.00000243  00000+0  00000+0 0  9993
2 39172   0.0270 326.1032 0001790 143.5380 266.0047  1.00271897 40689
IRNSS-1A                
1 39199U 13034A   24190.75118744  .00000059  00000+0  00000+0 0  9997
2 39199  34.1242  74.1351 0017845 181.0211 357.5289  1.00278951 40263
MUOS-2                  
1 39206U 13036A   24198.17306478  .00000081  00000+0  00000+0 0  9990
2 39206   3.6739  40.9730 0052769 176.3958 322.4160  1.00274662 40270
ALPHASAT                
1 39215U 13038A   24197.87063174  .00000151  00000+0  00000+0 0  9999
2 39215   2.8945   7.2388 0002627 130.2024 135.0572  1.00273164 40233
INSAT-3D                
1 39216U 13038B   24197.90089166 -.00000333  00000+0  00000+0 0  9996
2 39216   0.1067  96.2602 0001002  68.9638 197.2404  1.00567225 40048
WGS F6 (USA 244)        
1 39222U 13041A   24197.51369023  .00000107  00000+0  00000+0 0  9995
2 39222   0.0240  57.0073 0000176  57.4085 229.1715  1.00270476 40021
ES'HAIL 1               
1 39233U 13044A   24198.07028997  .00000162  00000+0  00000+0 0  9995
2 39233   0.0510 345.2900 0002691 118.6715 241.2265  1.00273804 39872
GSAT-7                  
1 39234U 13044B   24197.36420934 -.00000060  00000+0  00000+0 0  9992
2 39234   0.0494  89.7797 0005661 176.3075 232.7216  1.00272331 38298
AMOS-4                  
1 39237U 13045A   24197.86345609  .00000025  00000+0  00000+0 0  9996
2 39237   0.0337  92.1710 0001056 345.2366 232.6292  1.00272649 39920
AEHF-3 (USA 246)        
1 39256U 13050A   24197.74826188  .00000149  00000+0  00000+0 0  9993
2 39256   3.5457  72.6910 0046627 178.2049 157.5809  1.00277426 38636
ASTRA 2E                
1 39285U 13056A   24197.86507437  .00000168  00000+0  00000+0 0  9998
2 39285   0.0653 331.0841 0002629 138.3353 164.6726  1.00268632 39392
FM-6                    
1 39360U 13058A   24197.68432352  .00000002  00000+0  00000+0 0  9994
2 39360   0.0354  70.9648 0000375 322.1484  31.0946  1.00269266 39027
RADUGA-1M 3             
1 39375U 13062A   24197.83035416  .00000169  00000+0  00000+0 0  9996
2 39375   4.1637  80.9349 0003907 245.3105 301.8355  1.00273219 39071
SES-8                   
1 39460U 13071A   24197.89323237 -.00000251  00000+0  00000+0 0  9991
2 39460   0.0469 258.5539 0002965 201.1186 251.1097  1.00271635 37393
INMARSAT 5-F1           
1 39476U 13073A   24197.79141990  .00000046  00000+0  00000+0 0  9994
2 39476   0.0173  56.1588 0000636  84.4567 141.0153  1.00271981 38559
TKSAT-1 (TUPAC KATARI)  
1 39481U 13075A   24198.19092771 -.00000176  00000+0  00000+0 0  9994
2 39481   0.0372 224.4299 0002562 246.1508 165.4602  1.00272830 38819
EXPRESS-AM5             
1 39487U 13077A   24197.83834219 -.00000262  00000+0  00000+0 0  9999
2 39487   0.0166  23.6818 0000211 126.7920 225.5278  1.00271872 39321
GSAT-14                 
1 39498U 14001A   24197.36420934 -.00000059  00000+0  00000+0 0  9996
2 39498   0.0141  54.2554 0001986 177.5223 267.0249  1.00270095 38350
THAICOM 6               
1 39500U 14002A   24198.15235340 -.00000103  00000+0  00000+0 0  9994
2 39500   0.0420 118.7571 0004345  24.2523 284.7964  1.00273360 38495
TDRS 12                 
1 39504U 14004A   24197.77088699 -.00000254  00000+0  00000+0 0  9997
2 39504   3.5550   4.0945 0004204 192.4124 334.2227  1.00274024 38415
ABS-2                   
1 39508U 14006A   24197.86545762 -.00000068  00000+0  00000+0 0  9995
2 39508   0.0113 334.6316 0003686 147.4322 198.6171  1.00271971 38242
ATHENA-FIDUS            
1 39509U 14006B   24198.07272659  .00000172  00000+0  00000+0 0  9997
2 39509   0.0142 106.5307 0001349  17.5954 234.2456  1.00274498 38478
TURKSAT 4A              
1 39522U 14007A   24197.83035416  .00000164  00000+0  00000+0 0  9995
2 39522   0.0508 252.2382 0001306 294.2998  88.5347  1.00273860 37948
EXPRESS-AT1             
1 39612U 14010A   24197.64700837  .00000096  00000+0  00000+0 0  9998
2 39612   0.0149 351.3278 0000440  29.8244 201.7531  1.00273563 37784
EXPRESS-AT2             
1 39613U 14010B   24198.16444955 -.00000263  00000+0  00000+0 0  9990
2 39613   0.0215 299.3070 0000585 133.4165  60.8079  1.00272206 37856
AMAZONAS 4A             
1 39616U 14011A   24197.76418703 -.00000234  00000+0  00000+0 0  9999
2 39616   0.0585 156.2689 0003463 316.4326  22.4941  1.00273086 37675
ASTRA 5B                
1 39617U 14011B   24197.82479998  .00000155  00000+0  00000+0 0  9991
2 39617   0.0546 321.5016 0002238 163.3665 129.7071  1.00273728 37834
IRNSS-1B                
1 39635U 14017A   24197.73313465  .00000144  00000+0  00000+0 0  9991
2 39635  28.9278 252.3409 0022161 186.6359 174.0839  1.00270737 37761
LUCH-5V                 
1 39727U 14023A   24197.89129420 -.00000254  00000+0  00000+0 0  9996
2 39727   3.3657  75.8499 0002317  84.7036 189.2860  1.00272855 37326
KAZSAT-3                
1 39728U 14023B   24197.86215076  .00000078  00000+0  00000+0 0  9990
2 39728   0.0167  88.7420 0000319 104.5289 109.7898  1.00275743 35410
EUTELSAT 3B             
1 39773U 14030A   24197.85396734  .00000038  00000+0  00000+0 0  9994
2 39773   0.0599   0.6595 0004051 132.7435 111.2917  1.00271260 37038
ASIASAT 8 (AMOS-7)      
1 40107U 14046A   24197.77817038 -.00000015  00000+0  00000+0 0  9996
2 40107   0.0620 270.0177 0002328 205.2382  95.0994  1.00269334 95113
ASIASAT 6               
1 40141U 14052A   24197.92028103 -.00000344  00000+0  00000+0 0  9990
2 40141   0.0271  92.5264 0000978   1.7366 291.1977  1.00272362 36038
OPTUS 10                
1 40146U 14054A   24197.93938306 -.00000129  00000+0  00000+0 0  9994
2 40146   0.0193 133.2623 0003354   9.8503 285.3391  1.00270063 36098
MEASAT-3B               
1 40147U 14054B   24197.88521701 -.00000223  00000+0  00000+0 0  9991
2 40147   0.0441  54.2144 0002410  61.6570 228.4909  1.00268878 35887
LUCH (OLYMP-K 1)        
1 40258U 14058A   24197.77541216 -.00000123  00000+0  00000+0 0  9998
2 40258   0.1398  95.8926 0002629 293.5746 165.6846  1.00274017 33965
HIMAWARI-8              
1 40267U 14060A   24197.73538253 -.00000257  00000+0  00000+0 0  9992
2 40267   0.0396 220.1830 0001140 258.6645 220.6323  1.00273504 35724
IRNSS-1C                
1 40269U 14061A   24197.90674465 -.00000148  00000+0  00000+0 0  9999
2 40269   4.7408 104.0386 0021732   8.3982 231.2629  1.00272019 35794
INTELSAT 30 (IS-30)     
1 40271U 14062A   24194.40813184 -.00000140  00000+0  00000+0 0  9990
2 40271   0.0090  26.7797 0002044 333.1998 342.6675  1.00275126   118
ARSAT 1                 
1 40272U 14062B   24197.62655125 -.00000241  00000+0  00000+0 0  9999
2 40272   0.0303 309.7591 0001786 161.6263 336.3243  1.00271859 35582
EXPRESS-AM6             
1 40277U 14064A   24197.77827198  .00000116  00000+0  00000+0 0  9993
2 40277   0.0228  37.8995 0001169 117.4193 111.9655  1.00271941 34547
GSAT-16                 
1 40332U 14078A   24197.86145457  .00000103  00000+0  00000+0 0  9997
2 40332   0.0159  44.3648 0007916  48.0656 206.9537  1.00270339 35072
DIRECTV 14              
1 40333U 14078B   24197.61617735 -.00000106  00000+0  00000+0 0  9998
2 40333   0.0095 341.8332 0000426  54.4378  20.2564  1.00269003 35026
YAMAL 401               
1 40345U 14082A   24197.91594456 -.00000210  00000+0  00000+0 0  9999
2 40345   0.0200 296.5617 0000187  11.5860  45.7771  1.00271013 34882
ASTRA 2G                
1 40364U 14089A   24197.71304101  .00000168  00000+0  00000+0 0  9992
2 40364   0.0564 322.2552 0004382 122.3907 134.3012  1.00276384 34930
FENGYUN 2G              
1 40367U 14090A   24198.01341130 -.00000287  00000+0  00000+0 0  9997
2 40367   3.8615  81.2139 0002521 134.7657 182.5143  1.00280258 35000
MUOS-3                  
1 40374U 15002A   24197.70425171 -.00000112  00000+0  00000+0 0  9999
2 40374   3.2832  35.7984 0056666 175.8743 320.3729  1.00272910 34553
INMARSAT 5-F2           
1 40384U 15005A   24197.76801524 -.00000267  00000+0  00000+0 0  9990
2 40384   0.0255  47.7234 0000181   3.0322 104.8406  1.00268704 33962
ABS-3A                  
1 40424U 15010A   24198.06463348 -.00000008  00000+0  00000+0 0  9996
2 40424   0.0116  41.9170 0001127 348.8453 283.9020  1.00271738 34338
EUTELSAT 115 WEST B     
1 40425U 15010B   24197.68423650 -.00000006  00000+0  00000+0 0  9994
2 40425   0.0201 250.9235 0000175 232.7000 301.8075  1.00270984 34353
EXPRESS-AM7             
1 40505U 15012A   24198.07316170  .00000169  00000+0  00000+0 0  9996
2 40505   0.0180  38.9672 0003050  71.1947 250.5550  1.00270591 34337
IRNSS-1D                
1 40547U 15018A   24197.58644986 -.00000247  00000+0  00000+0 0  9990
2 40547  27.4296 252.2148 0021800 194.3419 170.4149  1.00275589 33951
BEIDOU-3S IGSO-1S       
1 40549U 15019A   24197.78313463 -.00000174  00000+0  00000+0 0  9997
2 40549  50.5202 303.8571 0035682 193.8140 170.7273  1.00299520 34041
THOR 7                  
1 40613U 15022A   24197.70729750  .00000010  00000+0  00000+0 0  9993
2 40613   0.0185 116.1678 0002839 356.3399  75.4894  1.00272172 33780
TURKMENALEM52E/MONACOSAT
1 40617U 15023A   24198.07533727  .00000122  00000+0  00000+0 0  9990
2 40617   0.0190  87.9605 0002243  37.1273 248.4341  1.00271034 33807
DIRECTV 15              
1 40663U 15026A   24197.61539417 -.00000084  00000+0  00000+0 0  9993
2 40663   0.0216  39.6669 0000372  46.6966 326.2640  1.00271125 33433
SKY MEXICO-1            
1 40664U 15026B   24197.73640551 -.00000216  00000+0  00000+0 0  9996
2 40664   0.0136  57.2395 0002115  62.0528   1.1212  1.00271388 33424
METEOSAT-11 (MSG-4)     
1 40732U 15034A   24197.78078105  .00000079  00000+0  00000+0 0  9992
2 40732   1.4529  69.7242 0001300 163.5375 351.1171  1.00271710 32972
STAR ONE C4             
1 40733U 15034B   24197.47886700 -.00000247  00000+0  00000+0 0  9995
2 40733   0.0219 358.3947 0001563  90.9666 306.8385  1.00272631 32988
WGS F7 (USA 263)        
1 40746U 15036A   24197.59912090  .00000035  00000+0  00000+0 0  9990
2 40746   0.0446  68.7203 0000184  88.7382 167.1213  1.00271086 32834
INTELSAT 34 (IS-34)     
1 40874U 15039A   24197.48165174 -.00000267  00000+0  00000+0 0  9994
2 40874   0.0260 342.3745 0001462  34.8056  34.5449  1.00271672 32583
EUTELSAT 8 WEST B       
1 40875U 15039B   24197.56256038 -.00000047  00000+0  00000+0 0  9990
2 40875   0.0630   0.7221 0003409 109.3557  18.3245  1.00271991 32618
GSAT-6                  
1 40880U 15041A   24198.15313660 -.00000141  00000+0  00000+0 0  9995
2 40880   0.1022  97.8891 0003145  29.8090 304.3753  1.00268891 32566
INMARSAT 5-F3           
1 40882U 15042A   24197.59999115  .00000068  00000+0  00000+0 0  9997
2 40882   0.0189  49.6532 0000434  70.4142 209.4225  1.00272004 32522
MUOS-4                  
1 40887U 15044A   24198.15174424 -.00000077  00000+0  00000+0 0  9996
2 40887   3.1440  32.8199 0056131   3.1880  28.1302  1.00271767 32528
TJS-1                   
1 40892U 15046A   24198.16749534 -.00000138  00000+0  00000+0 0  9993
2 40892   0.0717 235.5012 0002392 161.5581 112.6867  1.00271500 32520
EXPRESS-AM8             
1 40895U 15048A   24197.99087243 -.00000093  00000+0  00000+0 0  9990
2 40895   0.0188 300.3360 0000493  95.4165 241.2758  1.00271639 32346
BEIDOU-3S IGSO-2S       
1 40938U 15053A   24197.65449233 -.00000101  00000+0  00000+0 0  9998
2 40938  50.3121 267.0748 0053264 191.5675 164.8652  1.00256489 32312
SKY MUSTER 1 (NBN1A)    
1 40940U 15054A   24198.16453657 -.00000260  00000+0  00000+0 0  9990
2 40940   0.0129 339.4360 0001964 132.6480  21.8870  1.00271944 32226
ARSAT 2                 
1 40941U 15054B   24197.54820164 -.00000206  00000+0  00000+0 0  9993
2 40941   0.0240 319.6748 0002165 145.0513 305.5029  1.00272115 32274
MORELOS 3               
1 40946U 15056A   24197.68493269 -.00000023  00000+0  00000+0 0  9994
2 40946   3.0125 353.1139 0001817 189.9940 244.3753  1.00271872 32256
APSTAR-9                
1 40982U 15059A   24197.80717100 -.00000247  00000+0  00000+0 0  9992
2 40982   0.0560 271.6180 0002683 266.7946 188.3152  1.00273051 32080
TURKSAT 4B              
1 40984U 15060A   24198.07507622  .00000133  00000+0  00000+0 0  9995
2 40984   0.0501  86.9212 0004074  17.6068 266.8733  1.00273195 32068
ZHONGXING-2C            
1 41021U 15063A   24197.72970971 -.00000306  00000+0  00000+0 0  9996
2 41021   0.0412 159.9037 0003788 295.2675 204.9973  1.00272643 31961
GSAT-15                 
1 41028U 15065A   24198.19650236 -.00000239  00000+0  00000+0 0  9991
2 41028   0.0993 272.1364 0003989 176.8361   9.7655  1.00272856 31832
BADR-7 (ARABSAT-6B)     
1 41029U 15065B   24197.71260588  .00000163  00000+0  00000+0 0  9991
2 41029   0.0577 235.3319 0004650 330.0352  11.2134  1.00276057 31738
LAOSAT 1                
1 41034U 15067A   24198.01915479 -.00000325  00000+0  00000+0 0  9990
2 41034   0.0342 170.0663 0002678 259.2087   0.4318  1.00268462 31810
TELSTAR 12V             
1 41036U 15068A   24198.06219684 -.00000101  00000+0  00000+0 0  9995
2 41036   0.0244  45.3850 0002549  64.7782 191.6118  1.00270214 31698
ELEKTRO-L 2             
1 41105U 15074A   24198.06228387 -.00000103  00000+0  00000+0 0  9991
2 41105   4.9126  79.1301 0001129 133.4902  89.6405  1.00270513 31488
COSMOS 2513             
1 41121U 15075A   24197.74632852 -.00000120  00000+0  00000+0 0  9999
2 41121   0.0622 108.5917 0002981 335.5158 198.8895  1.00271149 31504
EXPRESS-AMU1            
1 41191U 15082A   24198.07237851  .00000174  00000+0  00000+0 0  9999
2 41191   0.0191  76.8691 0002735  38.1330 241.5340  1.00273281 31480
GAOFEN-4                
1 41194U 15083A   24198.01462962 -.00000316  00000+0  00000+0 0  9999
2 41194   0.0627 241.9484 0001326 199.3873 323.9671  1.00274230 31464
BELINTERSAT-1           
1 41238U 16001A   24198.07542429  .00000125  00000+0  00000+0 0  9999
2 41238   0.0053 115.0109 0000934 311.8774 306.1640  1.00271422 31207
IRNSS-1E                
1 41241U 16003A   24197.67115448 -.00000306  00000+0  00000+0 0  9999
2 41241  31.6943  73.0535 0018323 178.0014  36.3542  1.00276189 31046
EUTELSAT 9B             
1 41310U 16005A   24197.84146552  .00000080  00000+0  00000+0 0  9995
2 41310   0.0275  53.1870 0001469  81.4593 111.4288  1.00271038 31088
SES-9                   
1 41380U 16013A   24197.73190937 -.00000327  00000+0  00000+0 0  9990
2 41380   0.0444 281.2115 0002459 176.7047 207.9197  1.00270780 30409
EUTELSAT 65 WEST A      
1 41382U 16014A   24197.90905596 -.00000258  00000+0  00000+0 0  9990
2 41382   0.0485 352.7390 0002483 122.4197  81.1344  1.00269957 30619
IRNSS-1F                
1 41384U 16015A   24198.07168231  .00000174  00000+0  00000+0 0  9995
2 41384   3.6361 116.7269 0018004 182.4889  53.5077  1.00277181 30632
BEIDOU-2 IGSO-6         
1 41434U 16021A   24197.43014311 -.00000146  00000+0  00000+0 0  9996
2 41434  59.2175  45.0613 0048232 221.6211 276.9474  1.00266120 30448
IRNSS-1G                
1 41469U 16027A   24197.87502119 -.00000319  00000+0  00000+0 0  9998
2 41469   3.5062 117.9373 0006617 342.1920 278.5821  1.00269949 30145
JCSAT-2B                
1 41471U 16028A   24197.89702177 -.00000147  00000+0  00000+0 0  9999
2 41471   0.0181  46.2064 0001203  66.3435 298.5977  1.00270529 30088
THAICOM 8               
1 41552U 16031A   24197.72299064 -.00000103  00000+0  00000+0 0  9993
2 41552   0.0716  50.9528 0002229  39.6197 182.2326  1.00270890 29688
INTELSAT 31 (IS-31)     
1 41581U 16035A   24194.40257745 -.00000141  00000+0  00000+0 0  9993
2 41581   0.0167  99.8028 0000815  60.4268 180.4152  1.00277125 29626
BEIDOU-2 G7             
1 41586U 16037A   24197.90622622 -.00000338  00000+0  00000+0 0  9996
2 41586   1.9735  69.9633 0008719   4.9851 296.0652  1.00274001 29757
ABS-2A (MONGOLSAT-1)    
1 41588U 16038A   24198.06438368 -.00000063  00000+0  00000+0 0  9994
2 41588   0.0199  40.5290 0001514  28.7368 323.0080  1.00262105 29657
EUTELSAT 117 WEST B     
1 41589U 16038B   24197.68414948  .00000007  00000+0  00000+0 0  9997
2 41589   0.0125 145.8966 0000352  75.1405 202.2638  1.00270836 29638
BRISAT                  
1 41591U 16039A   24197.89702177 -.00000179  00000+0  00000+0 0  9999
2 41591   0.0162  24.0190 0002208  89.5122 294.1213  1.00269171 29578
ECHOSTAR 18             
1 41592U 16039B   24197.48052044 -.00000264  00000+0  00000+0 0  9991
2 41592   0.0191  49.6623 0001654  62.3099 293.4683  1.00271726 29584
MUOS-5                  
1 41622U 16041A   24197.68615101 -.00000103  00000+0  00000+0 0  9991
2 41622   3.8136 296.8645 0197011 252.3095 246.7872  1.00272276 30054
TIANTONG-1 1            
1 41725U 16048A   24197.89710788 -.00000302  00000+0  00000+0 0  9993
2 41725   2.6696  30.5040 0002465  32.1354 295.9474  1.00273966 29237
JCSAT-16                
1 41729U 16050A   24197.84424130 -.00000233  00000+0  00000+0 0  9991
2 41729   0.0187  46.5960 0002130  50.6651 284.7781  1.00271744 29037
USA 270                 
1 41744U 16052A   24184.27868900 -.00000360  00000+0  00000+0 0  9991
2 41744   2.3555  86.3447 0000916 190.3052 225.1566  1.00129869 20960
USA 271                 
1 41745U 16052B   24184.40020501  .00000108  00000+0  00000+0 0  9993
2 41745   2.3307  86.3717 0000991  89.3017  94.2637  0.99807590 20759
INTELSAT 36 (IS-36)     
1 41747U 16053A   24197.86415227 -.00000006  00000+0  00000+0 0  9991
2 41747   0.0096  11.1468 0002857   1.3729 301.2649  1.00270863 28917
INTELSAT 33E (IS-33E)   
1 41748U 16053B   24197.79089775  .00000067  00000+0  00000+0 0  9995
2 41748   0.0139  67.1717 0001820  37.4564 174.2140  1.00270607 29214
INSAT-3DR               
1 41752U 16054A   24197.79368249 -.00000059  00000+0  00000+0 0  9999
2 41752   0.0784  92.1564 0010251 173.1962  28.4812  1.00271794 28786
GSAT-18                 
1 41793U 16060A   24197.65057630 -.00000059  00000+0  00000+0 0  9995
2 41793   0.0229  87.0580 0002591  30.4048 124.7137  1.00272298 28492
SKY MUSTER 2 (NBN1B)    
1 41794U 16060B   24197.66465639 -.00000227  00000+0  00000+0 0  9996
2 41794   0.0252  52.7651 0001830  60.8474 204.4473  1.00270093 28481
HIMAWARI-9              
1 41836U 16064A   24197.69226227 -.00000257  00000+0  00000+0 0  9991
2 41836   0.0306 136.8728 0001168 333.4394 213.6750  1.00270445 28178
SHIJIAN-17 (SJ-17)      
1 41838U 16065A   24197.82094286 -.00000015  00000+0  00000+0 0  9999
2 41838   3.9581  81.0825 0002321 306.3323  11.6115  1.00269273 28177
GOES 16                 
1 41866U 16071A   24197.76392597 -.00000230  00000+0  00000+0 0  9995
2 41866   0.0808 252.4896 0000511 206.6395  34.7755  1.00272158 28071
TIANLIAN 1-04           
1 41869U 16072A   24197.87480197  .00000050  00000+0  00000+0 0  9994
2 41869   0.1139 263.6168 0035699 249.3987 272.9360  1.00274343 28272
WGS F8 (USA 272)        
1 41879U 16075A   24197.63938309 -.00000185  00000+0  00000+0 0  9995
2 41879   0.0085  20.0165 0000585 131.1425 162.7701  1.00271002 27784
FENGYUN 4A              
1 41882U 16077A   24197.72464407 -.00000180  00000+0  00000+0 0  9999
2 41882   0.5274  86.0057 0008363 345.4963 210.0423  1.00267329 27891
ECHOSTAR 19             
1 41893U 16079A   24197.68771741 -.00000120  00000+0  00000+0 0  9994
2 41893   0.0187  52.6537 0001597  65.2476 326.5978  1.00270799 27670
JCSAT-110A (JCSAT-15)   
1 41903U 16082A   24197.80034465 -.00000333  00000+0  00000+0 0  9995
2 41903   0.0193  46.7127 0000769  56.0178 229.5806  1.00272758 27720
STAR ONE D1             
1 41904U 16082B   24198.19162388 -.00000192  00000+0  00000+0 0  9998
2 41904   0.0324  68.9498 0001888  44.2203 166.3634  1.00265897 27751
TJS-2                   
1 41911U 17001A   24197.86371716  .00000012  00000+0  00000+0 0  9998
2 41911   0.1379 266.0883 0001771 188.1271 217.3825  1.00273799 27695
SBIRS GEO-4 (USA 273)   
1 41937U 17004A   24197.61661247 -.00000126  00000+0  00000+0 0  9990
2 41937   1.4147   1.2342 0002006 110.5185 307.3717  1.00271824 27578
HISPASAT 36W-1          
1 41942U 17006A   24197.77184424 -.00000226  00000+0  00000+0 0  9993
2 41942   0.0187 280.9311 0001043 197.6198  57.4185  1.00272427 27498
TELKOM 3S               
1 41944U 17007A   24197.91900484 -.00000345  00000+0  00000+0 0  9996
2 41944   0.0245  41.2184 0002625  74.3099 267.5656  1.00268779 27109
INTELSAT 32E (IS-32E)   
1 41945U 17007B   24198.05662740 -.00000251  00000+0  00000+0 0  9999
2 41945   0.0180  53.1302 0000483 346.0184 232.4431  1.00270439 27216
ECHOSTAR 23             
1 42070U 17014A   24197.44354954 -.00000039  00000+0  00000+0 0  9998
2 42070   0.0194  49.2553 0002083  63.3590 230.9425  1.00272604 26900
WGS F9 (USA 275)        
1 42075U 17016A   24197.34723993 -.00000078  00000+0  00000+0 0  9990
2 42075   0.0093  33.7139 0000256 123.7850 249.1741  1.00271917 26854
SES-10                  
1 42432U 17017A   24197.55098638 -.00000254  00000+0  00000+0 0  9998
2 42432   0.0180  51.4567 0002603  50.5418 323.3363  1.00269260 26702
CHINASAT 16 (SJ-13)     
1 42662U 17018A   24197.90611865 -.00000334  00000+0  00000+0 0  9995
2 42662   0.0475  91.2299 0003635 131.5900 148.1363  1.00268731 26716
KOREASAT 7              
1 42691U 17023A   24197.80697066 -.00000344  00000+0  00000+0 0  9990
2 42691   0.0307 336.0239 0000565 263.0500 101.4633  1.00273040 26342
SGDC                    
1 42692U 17023B   24197.39209019 -.00000231  00000+0  00000+0 0  9997
2 42692   0.0239  71.0639 0002392  45.9954 242.9647  1.00272606 26373
GSAT-9                  
1 42695U 17024A   24197.90570277 -.00000268  00000+0  00000+0 0  9995
2 42695   0.0595 101.9811 0002290   7.8102 247.7708  1.00268367 26274
INMARSAT 5-F4           
1 42698U 17025A   24197.73313465  .00000093  00000+0  00000+0 0  9999
2 42698   0.0254  49.2637 0000543  79.4136 125.8160  1.00271185 26247
SES-15                  
1 42709U 17026A   24198.12410506  .00000078  00000+0  00000+0 0  9994
2 42709   0.0179  36.5224 0000415  65.8197 107.6473  1.00268668 27159
QZS-2 (MICHIBIKI-2)     
1 42738U 17028A   24198.02002501 -.00000106  00000+0  00000+0 0  9992
2 42738  40.5271 253.3447 0756684 269.5447 280.3995  1.00276785 26095
VIASAT-2                
1 42740U 17029A   24198.19440861 -.00000247  00000+0  00000+0 0  9995
2 42740   0.0163  77.4477 0000293  17.6592 199.4682  1.00272558 26141
EUTELSAT 172B           
1 42741U 17029B   24198.18243946  .00000013  00000+0  00000+0 0  9990
2 42741   0.0075 104.9656 0000370 319.5472 107.6766  1.00271912 26682
GSAT-19                 
1 42747U 17031A   24197.71695701  .00000143  00000+0  00000+0 0  9991
2 42747   0.0237  53.6315 0006266  30.7625 155.6435  1.00272002 26106
ECHOSTAR 21             
1 42749U 17032A   24197.84146552  .00000087  00000+0  00000+0 0  9990
2 42749   2.4832 320.7891 0002405 153.1910 133.3863  1.00274200 26076
BULGARIASAT-1           
1 42801U 17038A   24197.77938869  .00000029  00000+0  00000+0 0  9993
2 42801   0.0146  47.1201 0002537  68.5092 100.9410  1.00271267 25873
HELLAS-SAT 3            
1 42814U 17040A   24198.21607725  .00000171  00000+0  00000+0 0  9992
2 42814   0.0626  30.9417 0004034  40.9169 339.4555  1.00271107 25830
GSAT-17                 
1 42815U 17040B   24198.16577023 -.00000239  00000+0  00000+0 0  9990
2 42815   0.0497 265.3805 0001194   7.7952 174.4915  1.00271945 25845
INTELSAT 35E (IS-35E)   
1 42818U 17041A   24197.77210531 -.00000220  00000+0  00000+0 0  9998
2 42818   0.0250  49.5844 0001470  48.5781  79.3880  1.00271555 25784
COSMOS 2520             
1 42907U 17046A   24197.57326417  .00000155  00000+0  00000+0 0  9997
2 42907   0.0314 104.8517 0000499  56.5188  23.8960  1.00272018 25368
TDRS 13                 
1 42915U 17047A   24197.70520896 -.00000079  00000+0  00000+0 0  9995
2 42915   3.6181 345.2307 0017849 119.0568  72.1797  1.00272518 25315
QZS-3 (MICHIBIKI-3)     
1 42917U 17048A   24198.01889373 -.00000330  00000+0  00000+0 0  9991
2 42917   0.0594 206.2728 0002337 271.1614 310.7435  1.00269856 25330
AMAZONAS 5              
1 42934U 17053A   24193.00000000 -.00000277  00000+0  00000+0 0  9992
2 42934   0.0302 346.3905 0001234  81.8868 160.1329  1.00278438 25044
ASIASAT 9               
1 42942U 17057A   24198.17863103 -.00000341  00000+0  00000+0 0  9991
2 42942   0.0130  55.4927 0002233  56.5562   8.8457  1.00270613 24916
INTELSAT 37E (IS-37E)   
1 42950U 17059A   24197.77541216 -.00000122  00000+0  00000+0 0  9992
2 42950   0.0254  50.5933 0002879  68.7405  75.9206  1.00271596 25034
BSAT-4A                 
1 42951U 17059B   24197.80034465 -.00000332  00000+0  00000+0 0  9993
2 42951   0.0636  64.2818 0003666  14.5646 253.2475  1.00272858 24764
QZS-4 (MICHIBIKI-4)     
1 42965U 17062A   24176.78903547 -.00000324  00000+0  00000+0 0  9993
2 42965  40.5115 352.6916 0746082 271.6310  68.9097  1.00249876 24566
SES-11 (ECHOSTAR 105)   
1 42967U 17063A   24198.19563209 -.00000071  00000+0  00000+0 0  9991
2 42967   0.0089   9.4326 0002432 108.2031 142.3630  1.00271626 24771
KOREASAT 5A             
1 42984U 17067A   24197.91051618 -.00000340  00000+0  00000+0 0  9998
2 42984   0.0253  70.0388 0001251  24.4530 280.6821  1.00272212 24495
ALCOMSAT 1              
1 43039U 17078A   24198.06028235 -.00000167  00000+0  00000+0 0  9995
2 43039   0.0372 146.1236 0001467 346.4465 158.7035  1.00273200 24242
SBIRS GEO-3 (USA 282)   
1 43162U 18009A   24198.06438304  .00000149  00000+0  00000+0 0  9998
2 43162   2.3284 336.8022 0001814 137.7893  43.5778  1.00272621 23801
AL YAH 3                
1 43174U 18012A   24197.70338148 -.00000137  00000+0  00000+0 0  9998
2 43174   0.0791 266.6849 0002267 214.2582  46.2171  1.00271381 23818
SES-14                  
1 43175U 18012B   24197.69798608 -.00000260  00000+0  00000+0 0  9995
2 43175   0.0131 350.6020 0001206 116.2212  30.9805  1.00272392 24015
GOES 17                 
1 43226U 18022A   24197.68658611 -.00000072  00000+0  00000+0 0  9992
2 43226   0.0168 264.6707 0001305 242.1057 289.6941  1.00272704 23384
HISPASAT 30W-6          
1 43228U 18023A   24197.62992694 -.00000198  00000+0  00000+0 0  9990
2 43228   0.0390  45.8914 0005185  47.0145  37.8404  1.00271254 23388
SUPERBIRD-B3            
1 43271U 18033A   24197.89702177 -.00000074  00000+0  00000+0 0  9996
2 43271   0.0134 338.1989 0001544 112.3783 328.5591  1.00271485 23025
HYLAS 4                 
1 43272U 18033B   24197.40873189 -.00000215  00000+0  00000+0 0  9993
2 43272   0.0821 265.8216 0001110 214.2516 287.3267  1.00271967 23031
IRNSS-1I                
1 43286U 18035A   24197.07439243  .00000080  00000+0  00000+0 0  9991
2 43286  29.1702  85.1927 0018277 180.3820 109.6024  1.00274156 23031
USA 283                 
1 43339U 18036A   24178.48510830 -.00000313  00000+0  00000+0 0  9997
2 43339   0.0110 111.2886 0000138 102.4144  10.0948  1.00269846   177
COSMOS 2526             
1 43432U 18037A   24197.81676439 -.00000326  00000+0  00000+0 0  9992
2 43432   0.0290 105.0020 0000195 144.4476 106.7943  1.00274205 22939
APSTAR-6C               
1 43450U 18041A   24197.82343678 -.00000299  00000+0  00000+0 0  9993
2 43450   0.0386 315.0841 0001615 348.7313  60.8114  1.00272251 22788
BANGABANDHUSAT-1        
1 43463U 18044A   24197.91900488 -.00000344  00000+0  00000+0 0  9999
2 43463   0.0123 103.8845 0001783  21.9135 258.3883  1.00272242 22671
SES-12                  
1 43488U 18049A   24197.84493684 -.00000251  00000+0  00000+0 0  9995
2 43488   0.0111   7.9452 0000510 235.7516  89.6429  1.00271744 22383
FENGYUN 2H              
1 43491U 18050A   24198.08090674 -.00000107  00000+0  00000+0 0  9990
2 43491   1.2149  87.0722 0001875  47.3826 267.9736  1.00267330 22485
BEIDOU-2 IGSO-7         
1 43539U 18057A   24194.84984603 -.00000061  00000+0  00000+0 0  9993
2 43539  55.1461 169.1447 0075448 233.6722 302.6655  1.00245711 22072
TELSTAR 19V             
1 43562U 18059A   24197.76636182 -.00000261  00000+0  00000+0 0  9993
2 43562   0.0364 185.4780 0003163 298.7642  22.7401  1.00270875 22133
TELKOM 4 (MERAH PUTIH)  
1 43587U 18064A   24197.90348932 -.00000326  00000+0  00000+0 0  9997
2 43587   0.0253  42.9684 0001531  94.9512 229.5690  1.00268673 21843
TELSTAR 18V             
1 43611U 18069A   24197.87798888 -.00000276  00000+0  00000+0 0  9999
2 43611   0.0248  46.4607 0002433  67.7658 274.0581  1.00270521 21591
AZERSPACE 2 (IS-38)     
1 43632U 18074A   24198.07411896  .00000155  00000+0  00000+0 0  9997
2 43632   0.0190  47.1889 0001598  67.6793 251.3269  1.00271177 21410
HORIZONS-3E             
1 43633U 18074B   24197.61160343 -.00000012  00000+0  00000+0 0  9998
2 43633   0.0584 227.4575 0000534  65.7350  29.9193  1.00271522 21307
AEHF-4 (USA 288)        
1 43651U 18079A   24197.55098638 -.00000255  00000+0  00000+0 0  9992
2 43651   1.6333 335.1423 0046542   9.6678  79.9144  1.00274007 21261
BEIDOU-3 G1             
1 43683U 18085A   24197.87833698 -.00000261  00000+0  00000+0 0  9999
2 43683   2.2600 108.5224 0004126 353.1025 288.7628  1.00276449 21029
GSAT-29                 
1 43698U 18089A   24197.73313465  .00000102  00000+0  00000+0 0  9992
2 43698   0.0470 256.9644 0002826 190.0531 166.1249  1.00276585 20753
ES'HAIL 2               
1 43700U 18090A   24197.87063174  .00000162  00000+0  00000+0 0  9998
2 43700   0.0190  46.8962 0002203 104.3646 122.1539  1.00271258 20889
GEO-KOMPSAT-2A          
1 43823U 18100A   24198.04216056 -.00000325  00000+0  00000+0 0  9997
2 43823   0.0296 146.2164 0002561 310.6633 340.9309  1.00271343 20639
GSAT-11                 
1 43824U 18100B   24197.07813441 -.00000059  00000+0  00000+0 0  9995
2 43824   0.0454 249.1642 0007751 205.3823 300.9690  1.00271835 20430
GSAT-7A                 
1 43864U 18105A   24197.86302098  .00000045  00000+0  00000+0 0  9996
2 43864   0.0917 100.6775 0002447  11.8832 195.1240  1.00269469 20427
COSMOS 2533             
1 43867U 18107A   24197.72201993 -.00000021  00000+0  00000+0 0  9993
2 43867   0.0342 117.5729 0000434   0.6705 145.7266  1.00274539 20408
TJS-3                   
1 43874U 18110A   24197.91671449  .00000019  00000+0  00000+0 0  9999
2 43874   0.7259  88.6929 0002357  79.3967 269.1020  1.00271867 20386
ZHONGXING-2D            
1 43920U 19001A   24198.01950288 -.00000319  00000+0  00000+0 0  9998
2 43920   0.0070 188.7170 0002126  74.9689 167.6858  1.00270094 20324
HELLAS-SAT 4 & SGS-1    
1 44034U 19007A   24197.64361449  .00000170  00000+0  00000+0 0  9998
2 44034   0.0686 123.2353 0005959  21.2545  60.1858  1.00271803 20320
GSAT-31                 
1 44035U 19007B   24197.86006222  .00000143  00000+0  00000+0 0  9998
2 44035   0.0602 260.4805 0000960 329.2831  61.9162  1.00273483 19939
NUSANTARA SATU          
1 44048U 19009A   24197.60118785 -.00000216  00000+0  00000+0 0  9996
2 44048   0.0292 123.4580 0005072   5.0466 167.8601  1.00272313 19731
ZHONGXING-6C            
1 44067U 19012A   24197.53646933 -.00000318  00000+0  00000+0 0  9997
2 44067   0.0653  99.1107 0005224 309.9268 208.3681  1.00269895 19709
WGS 10 (USA 291)        
1 44071U 19014A   24197.79098478  .00000064  00000+0  00000+0 0  9994
2 44071   0.0181  62.2817 0000309  42.7217 174.1960  1.00271825 19597
TIANLIAN 2-01           
1 44076U 19017A   24197.86589274 -.00000088  00000+0  00000+0 0  9996
2 44076   0.2414 267.0081 0002502 181.8890 234.0606  1.00269270 19617
ARABSAT-6A              
1 44186U 19021A   24196.92634208  .00000171  00000+0  00000+0 0  9999
2 44186   0.0442   1.9410 0003533 175.9299 119.3827  1.00274450 19112
BEIDOU-3 IGSO-1         
1 44204U 19023A   24197.52642889 -.00000208  00000+0  00000+0 0  9995
2 44204  57.6833  44.9263 0022751 205.5229 350.9229  1.00293272   172
BEIDOU-2 G8             
1 44231U 19027A   24197.84424130 -.00000230  00000+0  00000+0 0  9996
2 44231   1.5443  73.9390 0001347 183.7001 125.0238  1.00271833 19049
YAMAL 601               
1 44307U 19031A   24197.86023626  .00000138  00000+0  00000+0 0  9998
2 44307   0.0139  89.2379 0002622  16.8128 186.8186  1.00271684 18881
AT&T T-16               
1 44333U 19034A   24197.68736932 -.00000097  00000+0  00000+0 0  9996
2 44333   0.0148 351.7215 0000384 338.2440 110.6475  1.00270429 18597
EUTELSAT 7C             
1 44334U 19034B   24197.35098189  .00000067  00000+0  00000+0 0  9992
2 44334   0.0776 191.2039 0003484 269.7841 326.0608  1.00273433 19076
BEIDOU-3 IGSO-2         
1 44337U 19035A   24197.84978063 -.00000076  00000+0  00000+0 0  9999
2 44337  55.1835 165.0179 0035228 205.0005 348.0660  1.00288678 18636
COSMOS 2539             
1 44457U 19048A   24197.63819410  .00000100  00000+0  00000+0 0  9990
2 44457   0.0330 111.8272 0000356  40.2678  23.6274  1.00274334 18192
EDRS-C                  
1 44475U 19049A   24197.09831036  .00000172  00000+0  00000+0 0  9998
2 44475   0.0805 248.1525 0000442 197.3922 274.4592  1.00269916 18173
INTELSAT 39 (IS-39)     
1 44476U 19049B   24197.57661632  .00000051  00000+0  00000+0 0  9991
2 44476   0.0249  44.2970 0000911 324.6920 194.4373  1.00270865 18105
AMOS-17                 
1 44479U 19050A   24197.87063174  .00000128  00000+0  00000+0 0  9991
2 44479   0.0131  70.9692 0001832  56.7024 136.9414  1.00273601 18159
AEHF-5 (USA 292)        
1 44481U 19051A   24197.86136755  .00000106  00000+0  00000+0 0  9996
2 44481   2.6555 308.2672 0043164   1.1974 349.4129  1.00267587 18225
EUTELSAT 5 WEST B       
1 44624U 19067A   24197.56316955 -.00000024  00000+0  00000+0 0  9991
2 44624   0.0724 328.5661 0003220 142.6896  20.3849  1.00271772 17415
MEV-1                   
1 44625U 19067B   24197.42446047 -.00000184  00000+0  00000+0 0  9990
2 44625   0.0275 275.5830 0000912 176.8843 326.6027  1.00270492 15946
TJS-4                   
1 44637U 19070A   24197.91646539 -.00000152  00000+0  00000+0 0  9994
2 44637   0.0615 103.1183 0002507 311.9993 292.6293  1.00270729 17508
BEIDOU-3 IGSO-3         
1 44709U 19073A   24196.91448060 -.00000197  00000+0  00000+0 0  9994
2 44709  56.0110 288.4344 0040188 187.5529 263.9204  1.00294187 17400
TIBA-1                  
1 44800U 19080A   24197.83035416  .00000174  00000+0  00000+0 0  9997
2 44800   0.0510  11.8137 0002234 112.4743 144.2763  1.00270858 17026
INMARSAT GX5            
1 44801U 19080B   24197.85274944  .00000093  00000+0  00000+0 0  9991
2 44801   0.0348   4.2352 0002442 124.0110 123.9324  1.00273070 17070
JCSAT-18 (KACIFIC 1)    
1 44868U 19091A   24197.89702177 -.00000183  00000+0  00000+0 0  9995
2 44868   0.0467 225.9581 0000128 301.8801 239.2970  1.00270668 16978
ELEKTRO-L 3             
1 44903U 19095A   24198.15183126 -.00000078  00000+0  00000+0 0  9999
2 44903   0.0851 134.3970 0000608  17.8195 272.9445  1.00271295 16667
SHIJIAN-20 (SJ-20)      
1 44910U 19097A   24197.86502250 -.00000053  00000+0  00000+0 0  9992
2 44910   3.1133  83.6374 0007202  77.8513 157.1325  1.00272544 16662
TJS-5                   
1 44978U 20002A   24197.90348925 -.00000323  00000+0  00000+0 0  9996
2 44978   0.1546 266.3799 0001208 311.9866 148.5795  1.00266657 16679
GSAT-30                 
1 45026U 20005A   24197.91646539 -.00000147  00000+0  00000+0 0  9991
2 45026   0.0327  90.8535 0003683   9.0400 247.2740  1.00272364 16473
EUTELSAT KONNECT        
1 45027U 20005B   24197.78043296  .00000068  00000+0  00000+0 0  9999
2 45027   0.0575  89.7265 0000406 162.2662 330.2751  1.00272329 17295
JCSAT-17                
1 45245U 20013A   24197.87442198 -.00000296  00000+0  00000+0 0  9998
2 45245   5.5744 350.1685 0004048 132.1651 262.6745  1.00271665 16209
GEO-KOMPSAT-2B          
1 45246U 20013B   24197.53470079 -.00000326  00000+0  00000+0 0  9995
2 45246   0.0466 229.3109 0000617 331.9404  53.3578  1.00272423 16248
BEIDOU-3 G2             
1 45344U 20017A   24197.91646539 -.00000125  00000+0  00000+0 0  9993
2 45344   2.3498  30.7114 0002027 128.5302 184.9803  1.00271451 16221
AEHF-6 (USA 298)        
1 45465U 20022B   24197.75426936 -.00000275  00000+0  00000+0 0  9998
2 45465   4.1562 298.4393 0040901   6.2808  38.6710  1.00272957 15981
BEIDOU-3 G3             
1 45807U 20040A   24197.67874979 -.00000335  00000+0  00000+0 0  9990
2 45807   0.8243  45.7042 0004561  18.8551 224.1758  1.00263985 15031
APSTAR-6D               
1 45863U 20045A   24195.01484505 -.00000307  00000+0  00000+0 0  9994
2 45863   0.0410 232.8104 0002240 347.8935 210.0195  1.00259274 14799
KOREASAT 116            
1 45920U 20048A   24197.91323927 -.00000344  00000+0  00000+0 0  9993
2 45920   0.0151   3.5913 0001141 100.0991 275.5216  1.00273262 14609
EXPRESS 103             
1 45985U 20053A   24197.72647971 -.00000263  00000+0  00000+0 0  9997
2 45985   0.0154   5.9625 0000201   3.0382 283.0819  1.00271660 14615
EXPRESS 80              
1 45986U 20053B   24197.96041338 -.00000117  00000+0  00000+0 0  9997
2 45986   0.0154   7.9248 0000839  24.5834 327.4970  1.00269863 14619
BSAT-4B                 
1 46112U 20056A   24197.67785824 -.00000332  00000+0  00000+0 0  9994
2 46112   0.0649 116.4032 0004561  13.0168 158.4447  1.00270116 14351
MEV-2                   
1 46113U 20056B   24197.34941549  .00000007  00000+0  00000+0 0  9995
2 46113   0.0400 258.6219 0001355 191.0788 328.7902  1.00270199 73518
GALAXY 30 (G-30)        
1 46114U 20056C   24197.75417942  .00000055  00000+0  00000+0 0  9999
2 46114   0.0179  50.8141 0002151  60.6101 329.1623  1.00272433 14257
GAOFEN-13 01            
1 46610U 20071A   24198.01706625 -.00000345  00000+0  00000+0 0  9999
2 46610   0.6904  87.5497 0014268 279.1283  51.4222  1.00267841 13875
TIANTONG-1 2            
1 46916U 20082A   24198.01845861 -.00000334  00000+0  00000+0 0  9994
2 46916   2.2814 293.7074 0001765 245.6623 246.5379  1.00269155 13610
LUCAS (JDRS-1)          
1 47202U 20089A   24197.71091095 -.00000218  00000+0  00000+0 0  9999
2 47202   0.0248  86.3703 0002945  19.2908 175.0901  1.00272010 13388
SXM-7                   
1 47240U 20096A   24198.19110174 -.00000187  00000+0  00000+0 0  9997
2 47240   0.0190 104.6525 0004806  19.7658 153.7089  1.00272504 13307
CMS-01                  
1 47256U 20099A   24198.16924197 -.00000147  00000+0  00000+0 0  9998
2 47256   0.0598  90.5313 0004309 177.4303 170.4684  1.00272969 13167
TURKSAT 5A              
1 47306U 21001A   24197.86507437  .00000172  00000+0  00000+0 0  9995
2 47306   0.0270  84.6470 0000146 346.9363 204.9545  1.00271354 12954
TIANTONG-1 3            
1 47321U 21003A   24197.91646539 -.00000133  00000+0  00000+0 0  9995
2 47321   2.8186 312.8062 0003428 182.0177 210.8428  1.00270064 12939
TJS-6                   
1 47613U 21010A   24198.17219456  .00000061  00000+0  00000+0 0  9999
2 47613   0.4523  87.4655 0002283  76.0859  11.3942  1.00273498 12773
SBIRS GEO-5 (USA 315)   
1 48618U 21042A   24197.56847793  .00000139  00000+0  00000+0 0  9999
2 48618   6.1032 325.7104 0001782 148.2313  45.5200  1.00273032 11728
FENGYUN 4B              
1 48808U 21047A   24197.90089160 -.00000312  00000+0  00000+0 0  9993
2 48808   0.0661  59.9526 0005237  54.8359 248.3256  1.00274027 11544
SXM-8                   
1 48838U 21049A   24197.61887506 -.00000187  00000+0  00000+0 0  9996
2 48838   0.0116  11.6000 0005876  24.7696  35.2004  1.00271349 11563
TIANLIAN 1-05           
1 49011U 21063A   24197.87063174  .00000127  00000+0  00000+0 0  9994
2 49011   0.2345 286.7842 0002821 204.8504 132.7786  1.00272044 11044
STAR ONE D2             
1 49055U 21069A   24195.16855053 -.00000251  00000+0  00000+0 0  9992
2 49055   0.0092  36.5274 0002272 103.3551 142.3155  1.00269614 10870
EUTELSAT QUANTUM        
1 49056U 21069B   24197.86006222  .00000144  00000+0  00000+0 0  9998
2 49056   0.0089  17.5582 0002509  94.8666 179.0878  1.00274415 10898
ZHONGXING-2E            
1 49062U 21071A   24197.87688128 -.00000273  00000+0  00000+0 0  9994
2 49062   0.0330 128.2378 0001740  21.2949 198.3931  1.00270017 11003
TJS-7                   
1 49115U 21077A   24197.90235522 -.00000106  00000+0  00000+0 0  9994
2 49115   0.3824  86.5440 0001516  43.3285  29.7812  1.00272221  2541
CHINASAT 9B             
1 49125U 21080A   24197.89859956 -.00000294  00000+0  00000+0 0  9998
2 49125   0.0405  91.9401 0002843  41.9322 225.2511  1.00269911 10619
SHIJIAN-21 (SJ-21)      
1 49330U 21094A   24197.92045203 -.00000252  00000+0  00000+0 0  9991
2 49330   9.8626  45.0495 0080113  34.1469 329.3184  1.00305049 10237
SES-17                  
1 49332U 21095A   24197.55098638 -.00000254  00000+0  00000+0 0  9995
2 49332   0.0139  40.5072 0001183  67.9127 316.7152  1.00269524 10802
SYRACUSE 4A             
1 49333U 21095B   24197.73313465  .00000153  00000+0  00000+0 0  9991
2 49333   0.0241  52.9247 0001571  57.4608 133.1104  1.00270730 10929
QZS-1R                  
1 49336U 21096A   24196.70144531 -.00000283  00000+0  00000+0 0  9992
2 49336  35.9978  90.1120 0757661 272.0101 315.7071  1.00249624  9962
ZHONGXING-1D            
1 49505U 21114A   24198.01950288 -.00000318  00000+0  00000+0 0  9990
2 49505   0.0440 219.0339 0001204 357.8131 214.6723  1.00269506  9794
STPSAT-6                
1 49817U 21118A   24197.61365369 -.00000027  00000+0  00000+0 0  9992
2 49817   0.0194  56.3568 0000395  33.3590 313.4807  1.00272177  9527
LDPE-1                  
1 49818U 21118B   24197.74556418  .00000080  00000+0  00000+0 0  9992
2 49818   2.3474  87.7417 0005661  54.2959 252.3373  0.99887004  9591
EXPRESS AMU-7           
1 50001U 21123A   24196.78319499 -.00000226  00000+0  00000+0 0  9996
2 50001   0.0159   7.7727 0000532 323.9519  28.2726  1.00271936  9505
EXPRESS AMU-3           
1 50002U 21123B   24196.89962238 -.00000304  00000+0  00000+0 0  9991
2 50002   0.0200  40.8618 0000514 295.6435  23.4924  1.00268846  9482
TIANLIAN 2-02           
1 50005U 21124A   24198.18243946  .00000005  00000+0  00000+0 0  9994
2 50005   0.5992 273.4577 0001059 199.2321  58.4580  1.00271704  9577
TURKSAT 5B              
1 50212U 21126A   24197.27271463  .00000164  00000+0  00000+0 0  9996
2 50212   0.0649 347.9178 0002520  16.9225  68.9646  1.00272976  9264
INMARSAT 6-F1           
1 50319U 21128A   24197.71646535 -.00000154  00000+0  00000+0 0  9991
2 50319   0.0200 307.6506 0000198 149.3342 178.7486  1.00272539  9226
SHIYAN 12 01 (SY-12 01) 
1 50321U 21129A   24197.91782334 -.00000213  00000+0  00000+0 0  9991
2 50321   1.8562  90.4566 0002110  72.1641 244.6654  1.00441358  9466
SHIYAN 12 02 (SY-12 02) 
1 50322U 21129B   24197.91040844 -.00000327  00000+0  00000+0 0  9991
2 50322   1.8553  90.4660 0001145 144.1897 140.5730  1.00082013  9460
TJS-9                   
1 50574U 21135A   24198.23557031 -.00000281  00000+0  00000+0 0  9993
2 50574   0.0570 245.8397 0005217 264.4414   6.2616  1.00268270  9436
USA 324                 
1 51280U 22006A   24188.29296618 -.00000183  00000+0  00000+0 0  9993
2 51280   1.7875  88.2496 0005868  82.0167  16.3134  1.00106144  9008
USA 325                 
1 51281U 22006B   24188.35202719 -.00000279  00000+0  00000+0 0  9996
2 51281   0.3795  86.1722 0000859 133.2264 285.5104  1.00374250   278
GOES 18                 
1 51850U 22021A   24198.24456002  .00000115  00000+0  00000+0 0  9998
2 51850   0.0339 194.2136 0000509 269.6109 141.7720  1.00271317  8775
ZHONGXING-6D            
1 52255U 22038A   24197.83543745 -.00000335  00000+0  00000+0 0  9996
2 52255   0.0669 255.4859 0000805 291.6579 172.8551  1.00272564  8411
NILESAT 301             
1 52817U 22061A   24198.06376326 -.00000039  00000+0  00000+0 0  9992
2 52817   0.0485 347.7800 0004014  84.4063 238.1620  1.00272965  7691
CMS-02 (GSAT 24)        
1 52903U 22067A   24197.71646535 -.00000147  00000+0  00000+0 0  9997
2 52903   0.0363 250.2531 0008503 205.9705 178.7851  1.00271408  7574
MEASAT 3D               
1 52904U 22067B   24197.88243823 -.00000224  00000+0  00000+0 0  9995
2 52904   0.0530 302.2034 0000318 160.3462 240.8672  1.00271564  7617
SES-22                  
1 52933U 22071A   24197.75139470  .00000123  00000+0  00000+0 0  9997
2 52933   0.0539 269.4071 0000393 228.0873 288.0895  1.00272712   478
WFOV (USA 332)          
1 52940U 22073A   24197.86277075 -.00000346  00000+0  00000+0 0  9991
2 52940   1.8972  87.8326 0001505 326.3427 309.8251  1.00266381  7339
TIANLIAN 2-03           
1 53100U 22078A   24196.93224762  .00000090  00000+0  00000+0 0  9992
2 53100   1.1564 278.5244 0002101 185.9725 174.9015  1.00272206  7511
SBIRS GEO-6 (USA 336)   
1 53355U 22092A   24197.80656184 -.00000269  00000+0  00000+0 0  9993
2 53355   4.5160 311.2175 0002572 149.2817 263.0018  1.00271829  7206
EUTELSAT KONNECT VHTS   
1 53765U 22110A   24197.85396734  .00000035  00000+0  00000+0 0  9996
2 53765   0.0507  92.8064 0002765   8.4661 143.0144  1.00269964   143
ZHONGXING-1E            
1 53813U 22112A   24197.88521701 -.00000131  00000+0  00000+0 0  9997
2 53813   0.0464 106.6327 0001221   6.0838 221.5922  1.00270614  6811
SES-20                  
1 53960U 22123A   24197.90157201 -.00000083  00000+0  00000+0 0  9991
2 53960   0.0141  53.3833 0002150  38.6824  63.6301  1.00272029  6508
SES-21                  
1 53961U 22123B   24197.51369023  .00000087  00000+0  00000+0 0  9999
2 53961   0.0329  32.2802 0000872  93.5990 221.9702  1.00268027  6510
GALAXY 33 (G-33)        
1 54026U 22128A   24198.18187796  .00000097  00000+0  00000+0 0  9997
2 54026   0.0188  38.1210 0002083  70.6072 118.2462  1.00272668  6716
GALAXY 34 (G-34)        
1 54027U 22128B   24197.68179986  .00000077  00000+0  00000+0 0  9992
2 54027   0.0178  30.8047 0001322  89.7167 290.0036  1.00271501  6872
ANGOSAT 2               
1 54033U 22131A   24197.87063174  .00000154  00000+0  00000+0 0  9991
2 54033   0.0350 181.2122 0001230 293.8995 155.5131  1.00272175  6432
EUTELSAT HOTBIRD 13F    
1 54048U 22134A   24197.70999521  .00000105  00000+0  00000+0 0  9992
2 54048   0.0678 287.9613 0002005  78.8313 195.8401  1.00272184  6411
LDPE-2                  
1 54219U 22144A   24197.61826590 -.00000215  00000+0  00000+0 0  9991
2 54219   3.8853  65.1156 0000355 110.3337 252.6022  1.00630389  4772
EUTELSAT HOTBIRD 13G    
1 54225U 22146A   24197.70999521  .00000105  00000+0  00000+0 0  9992
2 54225   0.0581 238.9909 0002051 296.9423  26.7046  1.00272521   440
ZHONGXING-19            
1 54230U 22148A   24197.89650095 -.00000062  00000+0  00000+0 0  9993
2 54230   0.0262 271.0652 0005148 315.8828 193.3574  1.00272028  6338
GALAXY 31 (G-31)        
1 54243U 22153A   24197.75452751  .00000032  00000+0  00000+0 0  9993
2 54243   0.0179  69.2209 0001462  41.3799 334.1077  1.00272450   131
GALAXY 32 (G-32)        
1 54244U 22153B   24198.02854284 -.00000156  00000+0  00000+0 0  9990
2 54244   0.0108  21.7264 0001808  36.0563 155.8441  1.00271606  6133
EUTELSAT 10B            
1 54259U 22157A   24197.99565867  .00000087  00000+0  00000+0 0  9993
2 54259   0.0503  91.3306 0000899 345.3487 226.0884  1.00276104  6015
GALAXY 35 (G-35)        
1 54741U 22170A   24197.54576501 -.00000144  00000+0  00000+0 0  9997
2 54741   0.0190  58.2915 0002089  61.6181 277.3413  1.00272081  5873
GALAXY 36 (G-36)        
1 54742U 22170B   24196.61631700 -.00000169  00000+0  00000+0 0  9995
2 54742   0.0237 273.6219 0003304 198.2902 313.9262  1.00276998  5729
METEOSAT-12 (MTG-I1)    
1 54743U 22170C   24197.77886655  .00000010  00000+0  00000+0 0  9999
2 54743   0.5366  42.6538 0002267  64.4853 106.8904  1.00270493  5942
SHIJIAN-23 (SJ-23)      
1 55131U 23002A   24197.87063174  .00000165  00000+0  00000+0 0  9991
2 55131   1.9047  87.4229 0000799 356.6803 187.0245  1.00452417  5473
USA 340                 
1 55138U 22144E   24180.81066094 -.00000260  00000+0  00000+0 0  9991
2 55138   3.8161  65.9592 0001869  59.2036  35.2723  0.99556274  4573
APSTAR-6E               
1 55239U 23005A   24197.87682049 -.00000300  00000+0  00000+0 0  9993
2 55239   0.0427  91.5785 0002715 359.9429 292.3845  1.00270029 11826
USA 342                 
1 55263U 23008A   24178.33660659  .00000144  00000+0  00000+0 0  9991
2 55263   0.0067 325.1735 0001334 314.0915 141.0247  1.00272094   178
LDPE-3A                 
1 55264U 23008B   24177.84910355 -.00000240  00000+0  00000+0 0  9996
2 55264   0.8072  88.2628 0000431 154.6473  49.0706  1.01378287  4583
ELEKTRO-L 4             
1 55506U 23016A   24197.72275047 -.00000041  00000+0  00000+0 0  9994
2 55506   0.0267 140.1378 0001088  80.3222 139.5317  1.00271302  5286
AMAZONAS NEXUS          
1 55508U 23017A   24194.00000000 -.00000273  00000+0  00000+0 0  9997
2 55508   0.0396  46.1942 0004520  44.4638 138.7198  1.00272397  5192
ZHONGXING-26            
1 55686U 23023A   24197.68453164 -.00000336  00000+0  00000+0 0  9991
2 55686   0.0685  80.3881 0003454  15.4018 209.8083  1.00272776  5191
LUCH-5X (OLYMP-K 2)     
1 55841U 23031A   24197.85396734  .00000010  00000+0  00000+0 0  9999
2 55841   0.0468 203.7706 0001608 310.9284  86.2956  1.00269934  4914
GAOFEN-13 02            
1 55912U 23036A   24197.74493582 -.00000210  00000+0  00000+0 0  9993
2 55912   1.9607 306.3917 0002716 304.9669  97.5595  1.00275250  5062
SES-18                  
1 55970U 23038A   24197.61539417 -.00000083  00000+0  00000+0 0  9991
2 55970   0.0595 261.2418 0001054 250.1720 260.9632  1.00272078  5064
SES-19                  
1 55971U 23038B   24197.75217792  .00000106  00000+0  00000+0 0  9991
2 55971   0.0106  31.3155 0001914  85.2357 313.3912  1.00272494  5038
INTELSAT 40E (IS-40E)   
1 56174U 23052A   24197.41993845 -.00000156  00000+0  00000+0 0  9992
2 56174   0.0179  57.2918 0002299  80.1655 216.4702  1.00269583  4786
VIASAT-3                
1 56370U 23060A   24197.90444376 -.00000167  00000+0  00000+0 0  9995
2 56370   0.0035 349.2824 0000163 193.3645 348.2318  1.00270781  4407
ARCTURUS                
1 56371U 23060B   24198.08064566 -.00000098  00000+0  00000+0 0  9998
2 56371   0.9588  88.4622 0001540 105.9332 207.0091  1.00271228  4429
GS-1                    
1 56372U 23060C   24196.15813091 -.00000200  00000+0  00000+0 0  9995
2 56372   0.9060  87.6259 0003139 282.4551  68.0031  1.00260668   489
BEIDOU-3 G4             
1 56564U 23066A   24198.16853961 -.00000090  00000+0  00000+0 0  9994
2 56564   2.0526 288.2147 0006165 206.3675  20.5549  1.00273148  4377
ARABSAT-7B (BADR-8)     
1 56757U 23075A   24197.64097881  .00000163  00000+0  00000+0 0  9991
2 56757   0.0709  27.9910 0003623   6.8344 155.8809  1.00272045  4107
IRNSS-1J (NVS-01)       
1 56759U 23076A   24198.01941587 -.00000312  00000+0  00000+0 0  9994
2 56759   3.9264 265.5322 0004361   7.1838 158.2226  1.00273068  4179
NUSANTARA TIGA (SATRIA) 
1 57045U 23086A   24197.54006803 -.00000217  00000+0  00000+0 0  9998
2 57045   0.0251   7.3043 0002260 329.0311 297.9535  1.00268991  2724
H2SAT (HEINRICH HERTZ)  
1 57213U 23093A   24197.85396734  .00000019  00000+0  00000+0 0  9991
2 57213   0.0137  72.5928 0000930 171.6870 357.8300  1.00271309  3884
SYRACUSE 4B             
1 57214U 23093B   24197.20882593 -.00000037  00000+0  00000+0 0  9995
2 57214   0.0221  57.4489 0000223 104.2998 200.4084  1.00270008   908
JUPITER 3 (ECHOSTAR 24) 
1 57479U 23108A   24197.44850284 -.00000131  00000+0  00000+0 0  9998
2 57479   0.0235  53.0015 0001377  53.3858 253.6279  1.00269976  3601
GALAXY 37 (G-37)        
1 57493U 23112A   24197.68214795  .00000066  00000+0  00000+0 0  9992
2 57493   0.0153  48.9195 0002055  60.6222 303.0401  1.00273027  3506
LUDI TANCE-4 01A        
1 57624U 23120A   24197.89536962 -.00000147  00000+0  00000+0 0  9994
2 57624  15.7160 211.0574 0002128 252.1346 242.8973  1.00268822  3504
TJS-10                  
1 58204U 23169A   24197.91719569  .00000018  00000+0  00000+0 0  9997
2 58204   0.7217  88.5062 0000990   2.3646 346.3817  1.00271812  2507
ZHONGXING-6E            
1 58253U 23172A   24198.08812962 -.00000343  00000+0  00000+0 0  9997
2 58253   0.0180  81.0977 0002715  36.1955 324.3634  1.00272744  2622
YAOGAN-41               
1 58582U 23197A   24198.17578497 -.00000339  00000+0  00000+0 0  9996
2 58582   4.5395 307.7398 0019173 180.2829 352.7766  1.00264365  2289
OVZON-3                 
1 58698U 24003A   24197.96525016  .00000070  00000+0  00000+0 0  9997
2 58698   0.0145  44.2776 0002153 156.0192 141.1725  1.00272234  2197
INSAT-3DS               
1 58990U 24033A   24198.16924197 -.00000137  00000+0  00000+0 0  9996
2 58990   0.0164 316.7250 0002643 151.3812 329.3942  1.00269865  1790
MERAH PUTIH 2           
1 58995U 24035A   24197.91051619 -.00000340  00000+0  00000+0 0  9991
2 58995   0.0238  41.0032 0001344  68.2632 265.7087  1.00269167  1558
TJS-11                  
1 59020U 24037A   24197.91726771 -.00000345  00000+0  00000+0 0  9996
2 59020   5.2800 321.4320 0005104 196.7055 226.5280  1.00276520  1550
HULIANWAN GAOGUI-01 (H*)
1 59069U 24040A   24198.07185637  .00000174  00000+0  00000+0 0  9990
2 59069   0.0353 105.8289 0003277 269.3285 338.7719  1.00271989  1544
PAKSAT-MM1              
1 59915U 24104A   24197.18105025  .00000171  00000+0  00000+0 0  9992
2 59915   0.0338 140.2879 0000417 300.6810 315.9188  1.00267464   551
GOES 19                 
1 60133U 24119A   24197.70000000 -.00000209  00000+0  00000+0 0  9990
2 60133   0.1140 258.7920 0035378 188.8600 358.6590  1.01378742   279
