UNKNOWN                 
1 81036U          24193.27130183  .00007139  00000+0  15175-1 0  9991
2 81036  66.0685 301.6499 2637474 297.1674  38.4847  9.25052225354460
UNKNOWN                 
1 81052U          24197.85545576  .00008439  00000+0  24397-2 0  9994
2 81052  65.7753 240.0744 0603756 199.6085 158.0834 13.72470147529356
UNKNOWN                 
1 81069U          24197.89448770  .00004693  00000+0  68604-2 0  9991
2 81069 100.3296  65.4318 0058914 223.2559 136.3941 13.54506331446056
UNKNOWN                 
1 81078U          24198.39690389  .00000376  00000+0  12478-1 0  9993
2 81078  65.1173 352.9785 0179272 121.5789 267.2042 11.22078996436909
UNKNOWN                 
1 81111U          24198.06876492  .00043186  00000+0  77910-2 0  9995
2 81111  62.8721 130.8230 4028242 337.2113   9.0499  7.27548502233705
UNKNOWN                 
1 81123U 70025    24198.07081507  .00001377  00000+0  13801-2 0  9993
2 81123 100.0075 244.7532 0001479 333.9139  26.1936 13.79732664535254
UNKNOWN                 
1 81134U          24198.36679265  .00000229  00000+0  81734-3 0  9993
2 81134  90.2514 352.3182 0023641 297.5854  62.2863 12.92705604396146
UNKNOWN                 
1 81161U          24197.19659970  .00000927  00000+0  10316-2 0  9996
2 81161 100.4105 346.6250 0064580 151.3442 209.1276 13.73685843485292
UNKNOWN                 
1 81219U 81053    24196.27613236  .00000809  00000+0  75241-3 0  9998
2 81219  82.9258  33.7975 0020828 228.3346 131.6031 13.80892673536218
UNKNOWN                 
1 81254U 70025    24197.17953009  .00006664  00000+0  46577-2 0  9993
2 81254 100.3829 184.1865 0072423 350.6471   9.3335 13.97599845540778
UNKNOWN                 
1 81264U          24198.11278474  .00034817  00000+0  39261-2 0  9994
2 81264  99.4278 333.4550 0065413  96.9123 263.9534 14.84923170 11940
UNKNOWN                 
1 81279U          24197.70553865  .00002998  00000+0  11964-2 0  9999
2 81279  98.1690 291.8955 0215769  90.8384 271.7520 14.17238731389565
UNKNOWN                 
1 81301U          24197.13771811  .00000340  00000+0  41144-3 0  9998
2 81301  66.7592  86.8654 0094970 220.7168 292.3915 13.76157552535390
UNKNOWN                 
1 81311U 90105    24198.33629690  .00000815  00000+0  18033-3 0  9992
2 81311  98.7975 223.6587 0133406 253.2512 118.2206 14.55020403564741
UNKNOWN                 
1 81317U 80089    24196.53829000  .00000083  00000+0  24791-3 0  9990
2 81317  67.1356 232.8943 0207219  33.8327  39.0633 13.37600229519583
UNKNOWN                 
1 81323U          24195.73855653  .00014242  00000+0  23520-2 0  9996
2 81323  65.7608  11.9267 0432056 229.2791 127.0024 14.23651796 38796
UNKNOWN                 
1 81341U          24196.47454699  .00007279  00000+0  19172-1 0  9992
2 81341  99.5148 199.9562 0386108 237.8537 118.4559 12.93026737456588
UNKNOWN                 
1 81342U          24192.67982039  .00006812  00000+0  32910-2 0  9993
2 81342  70.8939 336.2168 0144601  73.1374 288.5547 14.13546415544192
UNKNOWN                 
1 81343U          24198.18859808  .00008288  00000+0  78230-3 0  9998
2 81343  85.8760 112.4791 0007743 326.9909  33.0834 14.93605531377228
UNKNOWN                 
1 81357U          24197.55824353  .00113653  00000+0  28572-2 0  9996
2 81357  97.3656  55.6087 0066879 285.9507  73.4376 15.37222956459601
UNKNOWN                 
1 81359U          24194.46240174  .00000921  00000+0  94962-3 0  9998
2 81359  66.7972 211.0387 0122600 314.4163  44.6923 13.77194696534069
UNKNOWN                 
1 81366U          24191.37107845  .00001379  00000+0  49396-3 0  9999
2 81366  65.8815 223.8627 0736546 331.6475  24.6260 13.42180605996148
UNKNOWN                 
1 81371U          24197.08599668  .00005611  00000+0  10376-2 0  9995
2 81371  98.8595 247.6677 0079744 162.3007 198.1000 14.63772959566217
UNKNOWN                 
1 81386U          24197.80858731  .00010008  00000+0  40041-2 0  9998
2 81386  71.0529  25.5630 0108868 173.6190 186.6356 14.25334846550534
UNKNOWN                 
1 81390U          24196.51366100  .00000402  00000+0  34082-2 0  9999
2 81390 103.1264  44.6369 0178251 329.8045  29.2834 12.35431603436332
UNKNOWN                 
1 81392U          24198.09585590  .00004703  00000+0  49336-2 0  9998
2 81392 100.4286 130.3909 0039108 273.1834 100.8734 13.75211859531240
UNKNOWN                 
1 81402U          24198.10117186  .00036226  00000+0  80060-2 0  9998
2 81402  98.6933 247.8175 0008255 138.6879 221.4943 14.57093777372794
UNKNOWN                 
1 81405U          24196.84504666  .00002427  00000+0  19243-2 0  9994
2 81405  99.5070 230.6485 0165178 158.8492 201.9598 13.86188994502180
UNKNOWN                 
1 81406U          24197.80075338  .00001684  00000+0  71692-3 0  9992
2 81406  65.8131 230.4141 0876895 188.9280 169.5237 13.08758953466197
UNKNOWN                 
1 81409U 87068    24196.18500333  .00043981  00000+0  78854-2 0  9994
2 81409  82.6424 259.8891 0041120 156.0294 204.2839 14.65982739555576
UNKNOWN                 
1 81425U          24190.05799813  .00004345  00000+0  46458-2 0  9992
2 81425  99.4689 274.3227 0075154  16.4613 343.8950 13.73135850370353
UNKNOWN                 
1 81427U          24195.45505893  .00001187  00000+0  73408-3 0  9993
2 81427  98.8027  87.2832 0087836  52.6961 308.2173 14.05258546479069
UNKNOWN                 
1 81439U          24198.00417468  .00000796  00000+0  23561-2 0  9999
2 81439  67.1605  56.7847 0602758 160.9927 201.4681 12.62064551196922
UNKNOWN                 
1 81449U 85042    24197.84630113  .00021772  00000+0  50793-2 0  9998
2 81449  66.8048 354.1932 0043903 197.6286 162.3304 14.54145377557619
UNKNOWN                 
1 81478U          24198.66086890  .00007569  00000+0  30642-2 0  9998
2 81478  98.9766  93.5103 0162135  42.1948  21.4074 14.21137503549713
UNKNOWN                 
1 81488U 75052    24198.09481410  .00000305  00000+0  49999-3 0  9999
2 81488 100.0725  55.4712 0043695 194.0638 318.9288 13.56051664526861
UNKNOWN                 
1 81497U          24195.05190007  .00005912  00000+0  60450-2 0  9995
2 81497 100.3343  36.4842 0029054 261.8906 250.4872 13.76731311144835
UNKNOWN                 
1 81499U          24198.13476690  .00004232  00000+0  13073-2 0  9997
2 81499  74.0524  98.6686 0003093 245.5766 114.5067 14.41625614408097
UNKNOWN                 
1 81535U          24196.11018633  .00004049  00000+0  17392-2 0  9997
2 81535  98.1917 315.3915 0243269 200.7663 158.3494 14.10572496314478
UNKNOWN                 
1 81536U 73086    24198.32568483  .00000593  00000+0  39341-2 0  9998
2 81536 102.0076  46.8225 0014832 162.2398  14.6569 12.55035915487250
UNKNOWN                 
1 81537U 93016    24194.47658571  .00000416  00000+0  27218-3 0  9999
2 81537  71.0400 100.9610 0079193 214.1970 145.4035 14.06395344547577
UNKNOWN                 
1 81552U          24197.42079500  .00001146  00000+0  25734-2 0  9995
2 81552  99.0173 190.3849 0261746 172.9228 187.5700 13.17018741511382
UNKNOWN                 
1 81569U          24198.25626726  .00000317  00000+0  14482-2 0  9990
2 81569  28.0716 207.4778 0316366 103.8122 259.7797 12.46391011488589
UNKNOWN                 
1 81579U          24198.21316081  .00122652  00000+0  32301-1 0  9993
2 81579 100.1130 298.0775 0123391 103.0025 258.4970 14.43801537540051
UNKNOWN                 
1 81599U          24197.78166743  .00001689  00000+0  31509-2 0  9990
2 81599  67.2984 314.1459 0245582  94.7230  57.6660 13.30404631516544
UNKNOWN                 
1 81605U          24196.81953175  .00002655  00000+0  11551-1 0  9992
2 81605  56.4361 232.8623 0150757 182.3164 177.7078 12.79904042120113
UNKNOWN                 
1 81614U 76077    24198.30586413  .00005964  00000+0  38304-1 0  9993
2 81614 101.8102 207.1988 0418688  28.8369 333.5156 12.29814163474537
UNKNOWN                 
1 81615U 92021    24198.19544863  .00009148  00000+0  32386-2 0  9994
2 81615  65.8280 177.7360 0798775  12.6508 349.3337 13.28780880514331
UNKNOWN                 
1 81617U 73086    24197.95857090  .00000423  00000+0  27867-2 0  9993
2 81617 101.2568  29.3242 0037002 172.4029 187.7614 12.56952790488412
UNKNOWN                 
1 81624U          24196.57218712  .00010205  00000+0  20197-2 0  9994
2 81624  66.9853 142.3160 0088203 300.3913  58.8505 14.60162950564030
UNKNOWN                 
1 81640U          24198.03931175  .00000175  00000+0  20624-3 0  9991
2 81640  65.8264 103.7633 0996086 286.2498  63.1290 12.56367316445398
UNKNOWN                 
1 81652U 76077    24197.87993385  .00000775  00000+0  96797-3 0  9993
2 81652 102.1588 333.3351 0371747  69.7679  77.3128 13.43034019509496
UNKNOWN                 
1 81667U          24198.19464215  .00003869  00000+0  11718-2 0  9999
2 81667  74.0432 275.9385 0018319 340.0346  20.0091 14.42523184382280
UNKNOWN                 
1 81674U          24198.07818414  .00001238  00000+0  77392-3 0  9997
2 81674  66.8217 218.2333 0036941 244.4771 148.8151 14.07669568541215
UNKNOWN                 
1 81683U          24198.09860868  .00006299  00000+0  16051-2 0  9995
2 81683  81.2199 115.4749 0030255  65.0493 295.3838 14.50247803561050
UNKNOWN                 
1 81693U 73086    24197.55450042  .00000854  00000+0  65597-2 0  9999
2 81693 101.0758 310.6095 0364511 335.6729  22.7495 12.24662973904666
UNKNOWN                 
1 81696U          24198.63753875  .00163366  00000+0  35821-2 0  9993
2 81696  97.3751  88.6898 0073896 119.3359 241.5296 15.40592683437281
UNKNOWN                 
1 81745U          24196.92383622  .00003679  00000+0  13025-2 0  9999
2 81745  71.0032  72.6404 0006232 279.5861  80.4567 14.35203681555585
UNKNOWN                 
1 81749U          24188.73905113  .00000294  00000+0  11483-2 0  9994
2 81749  99.7340 286.2880 0365876 275.8198 244.5079 12.77326961495094
UNKNOWN                 
1 81775U          24197.49734802  .00007888  00000+0  30823-2 0  9996
2 81775  82.9235 287.8329 0019667  41.7279 318.5403 14.29368650551332
UNKNOWN                 
1 81792U          24198.33807850  .00000217  00000+0  11389-3 0  9999
2 81792  65.8231 168.7517 0897728 151.8048 213.4762 13.07850588 12673
UNKNOWN                 
1 81812U          24197.81328069  .00003424  00000+0  22710-1 0  9995
2 81812 103.5660  45.0551 0362923  31.1301 331.0718 12.33322654476963
UNKNOWN                 
1 81813U          24196.98368007  .00008002  00000+0  19615-2 0  9997
2 81813  99.0117 108.3003 0014732 196.8793 163.1912 14.52650674560728
UNKNOWN                 
1 81816U 77121    24198.20229985  .00000962  00000+0  77983-3 0  9996
2 81816  66.2373 136.6401 0184518 190.4114 169.3117 13.86856648537919
UNKNOWN                 
1 81817U          24182.15771271  .00376921  00000+0  50241-2 0  9994
2 81817  65.6833  85.7194 0094637 257.5768 101.4780 15.51588069  4004
UNKNOWN                 
1 81819U          24197.69328342  .00000478  00000+0  35980-2 0  9992
2 81819 102.1791 282.0898 0032521   4.2700 355.8639 12.46691245483805
UNKNOWN                 
1 81824U          24195.68802564  .00006442  00000+0  26854-2 0  9995
2 81824  65.8471 299.8668 0055706 262.1879  97.2883 14.26023474550585
UNKNOWN                 
1 81833U          24197.13115578  .00000294  00000+0  10472-2 0  9997
2 81833  90.2437 351.5266 0025450 294.7254  65.1215 12.93414345385852
UNKNOWN                 
1 81838U          24195.19591434  .00006502  00000+0  18248-2 0  9992
2 81838  67.7649 169.1813 0037853 161.6160 209.9849 14.46061308558186
UNKNOWN                 
1 81844U          24197.82248158  .00006458  00000+0  27677-2 0  9999
2 81844  82.9185 341.5049 0070976 282.8839  76.4422 14.23376255549354
UNKNOWN                 
1 81845U          24198.31921377  .00004351  00000+0  53915-3 0  9991
2 81845  97.7019  38.9592 0096133 190.7674 344.2999 14.79925985573287
UNKNOWN                 
1 81864U          24190.76181266  .00000980  00000+0  39268-3 0  9997
2 81864  65.6704 204.0377 0788338 239.6212 112.4633 13.29231972481363
UNKNOWN                 
1 81865U 87062    24197.88251084  .00001636  00000+0  13988-2 0  9996
2 81865  82.8050  65.4033 0067849  26.7517 347.8055 13.85396498537188
UNKNOWN                 
1 81873U          24195.13962896  .00006820  00000+0  33214-2 0  9992
2 81873  99.0637 259.1015 0068290 109.8706 250.9844 14.17235436496177
UNKNOWN                 
1 81877U          24186.27340586 -.00035960  00000+0 -46395-1 0  9999
2 81877  65.9327 192.5135 0071704 322.6030  37.0048 13.61390620 52310
UNKNOWN                 
1 81893U 70025    24197.70875609  .00001665  00000+0  18060-2 0  9992
2 81893  99.9875 148.9761 0020427 143.3052 216.9498 13.74540219533250
UNKNOWN                 
1 81899U          24194.85921367  .00001448  00000+0  35369-2 0  9990
2 81899 102.4322 197.9428 0175854 225.4911 133.1709 13.18471567510682
UNKNOWN                 
1 81921U          24194.24800210  .00005148  00000+0  20100-2 0  9990
2 81921  65.7072 147.7883 0873719 334.5516  21.4796 13.11328398960441
UNKNOWN                 
1 81946U 87079    24197.05768703  .00000085  00000+0  45104-3 0  9997
2 81946  66.4224  64.1810 0677924 241.0817 278.6478 12.42321535483816
UNKNOWN                 
1 81947U          24196.16206507  .00007343  00000+0  79960-3 0  9998
2 81947  66.0784 160.0584 0409312  97.5275 267.2510 14.42644087556201
UNKNOWN                 
1 81964U          24198.18397772  .00000438  00000+0  38149-3 0  9998
2 81964  66.5853  96.1466 0029157  61.1551 299.2449 13.95181199542241
UNKNOWN                 
1 81969U          24197.47493535  .00010356  00000+0  92003-3 0  9997
2 81969  86.6656  15.7256 0007457 214.4150 145.6598 14.96015225362721
UNKNOWN                 
1 81995U          24197.91234403  .00011776  00000+0  24536-2 0  9994
2 81995  65.7531  20.7388 0556328 194.9480 163.4560 13.93182532532195
UNKNOWN                 
1 82003U          24196.00485550 -.00009232  00000+0 -14352+0 0  9993
2 82003  46.3306  85.9533 2836448 237.0496  92.5410  8.17776852  6150
UNKNOWN                 
1 82043U          24198.31949717  .00006402  00000+0  19064-2 0  9995
2 82043  97.8964  27.1724 0247503 185.9282 173.8959 14.27131788500314
UNKNOWN                 
1 82044U          24195.75732562  .00001670  00000+0  17200-2 0  9991
2 82044  99.9085 302.4315 0065135 173.8572 186.3390 13.76754775490792
UNKNOWN                 
1 82051U          24197.47027782  .00006197  00000+0  24543-2 0  9998
2 82051  98.7729 272.2233 0103858 332.0655  27.4972 14.26315463498670
UNKNOWN                 
1 82073U          24197.78043864  .00004207  00000+0  11739-2 0  9998
2 82073  97.7502 318.3459 0225083  53.5300 308.6399 14.32846588501194
UNKNOWN                 
1 82139U          24197.41654006  .00004333  00000+0  23507-2 0  9993
2 82139  99.0635 253.6172 0089234  58.5687 302.4170 14.10894346407310
UNKNOWN                 
1 82162U          24196.13814527  .00004088  00000+0  66151-2 0  9992
2 82162 100.4617  87.5033 0063076  36.6560 323.8862 13.48107026434548
UNKNOWN                 
1 82180U          24196.63290824  .00023014  00000+0  41736-2 0  9997
2 82180  65.6705 283.4927 0385521 120.4005 243.5781 14.27782453527402
UNKNOWN                 
1 82189U          24194.49791397  .00000439  00000+0  16483-3 0  9997
2 82189  74.0347 278.0772 0017171 237.3633 122.5863 14.34468329558089
UNKNOWN                 
1 82199U          24198.15116425  .00000620  00000+0  53360-3 0  9995
2 82199  82.9656 260.4972 0038589  60.6680 328.8423 13.84780254538442
UNKNOWN                 
1 82205U          24195.91207156  .00004714  00000+0  13678-2 0  9991
2 82205  63.0100 267.4647 0517783 239.6162 115.2739 13.88123235536104
UNKNOWN                 
1 82223U          24198.06208245  .00002681  00000+0  15743-2 0  9996
2 82223  99.3584  58.5739 0073296 338.5072  21.3023 14.07706611376256
UNKNOWN                 
1 82250U          24194.20222047  .00003582  00000+0  21087-2 0  9993
2 82250  98.9232  97.4732 0074235 214.2267 300.2077 14.07233190543505
UNKNOWN                 
1 82272U          24196.84921998  .00000843  00000+0  28038-2 0  9990
2 82272  67.5261  54.6560 0751395  76.3519 291.9956 12.32894077208326
UNKNOWN                 
1 82284U          24198.01959432  .00036331  00000+0  80882-2 0  9994
2 82284  99.5421 105.9649 0075747 104.2530 256.7090 14.55005969598156
UNKNOWN                 
1 82295U          24192.39285891  .00001112  00000+0  43353-3 0  9994
2 82295  66.6208  74.5251 0134113 231.5782 127.3214 14.28613096505315
UNKNOWN                 
1 82303U          24197.10773964  .00024913  00000+0  36625-1 0  9997
2 82303  81.9315  75.8651 0086513 325.7603 183.9321 13.52599742443810
UNKNOWN                 
1 82311U          24197.45364599  .00001080  00000+0  16042-2 0  9996
2 82311  99.4754 267.9765 0112664 165.7355 194.7007 13.53460966480585
UNKNOWN                 
1 82363U          24190.36338865  .00000113  00000+0  27600-3 0  9992
2 82363  66.9347 231.9328 0454832 139.6490 223.9251 13.14788818221564
UNKNOWN                 
1 82369U 99025    24196.78078529  .00000613  00000+0  45191-3 0  9993
2 82369  98.9339 220.5815 0083054 324.2018  35.3596 13.97645966485086
UNKNOWN                 
1 82381U          24197.01772066  .00015982  00000+0  37663-2 0  9995
2 82381  98.4375  41.3677 0013720 322.7627  37.2616 14.54288765435142
UNKNOWN                 
1 82402U          24197.77653283  .00008134  00000+0  77097-3 0  9998
2 82402  86.6667  16.4837 0007645 222.3362 137.7277 14.93447960377321
UNKNOWN                 
1 82410U          24187.61514717  .00000357  00000+0  43375-3 0  9998
2 82410  66.6562 158.9763 0059140  18.2722 342.0455 13.76709056514432
UNKNOWN                 
1 82432U 93036    24187.20440931  .00002419  00000+0  56142-3 0  9991
2 82432  74.0085 260.1770 0059160 193.4904 166.4681 14.54497937406374
UNKNOWN                 
1 82448U          24198.01101298  .00006759  00000+0  63774-3 0  9998
2 82448  85.8758 112.5124 0007700 327.5478  32.5275 14.93597274359928
UNKNOWN                 
1 82453U          24198.29382910  .00000037  00000+0  60623-3 0  9999
2 82453 102.0974 150.6493 0094632  76.9471 284.2136 12.39634858482316
UNKNOWN                 
1 82458U          24196.95709243  .00005965  00000+0  30095-2 0  9991
2 82458  66.5180  80.8484 0057444 350.5412   9.4590 14.16041904536800
UNKNOWN                 
1 82464U          24198.01901153  .00047422  00000+0  64870-2 0  9993
2 82464  70.9846 106.6145 0052394 154.1796 219.5869 14.77314150560137
UNKNOWN                 
1 82484U          24197.07854710  .00000155  00000+0  28104-3 0  9999
2 82484  99.4129 237.8403 0046115  62.2622 298.3183 13.55470055520765
UNKNOWN                 
1 82494U 93036    24197.72579381  .00015482  00000+0  30192-2 0  9999
2 82494  74.0169 310.0489 0005249 205.6660 154.4248 14.62987308  9023
UNKNOWN                 
1 82500U          24197.22413263  .00008591  00000+0  44216-2 0  9992
2 82500  70.9741   9.4093 0132486 174.5924 185.6665 14.10995603546006
UNKNOWN                 
1 82517U          24192.54302416  .08305019  13721+0  36024-1 0  9991
2 82517  86.3306 292.9881 0025859 303.8358  56.0462 15.91240799 12260
UNKNOWN                 
1 82524U          24197.43392380  .00006695  00000+0  25719-2 0  9997
2 82524  73.2879  82.2114 0159008 229.4374 306.6192 14.23924462503362
UNKNOWN                 
1 82529U          24196.54288219  .00001094  00000+0  17490-2 0  9993
2 82529  99.8033 290.2608 0245075  59.0384 316.6764 13.40081555520573
UNKNOWN                 
1 82545U          24171.67025772 -.00000052  00000+0 -24257-3 0  9996
2 82545  64.8859 327.0010 0169511  32.9857 328.1511 11.30796519377736
UNKNOWN                 
1 82560U          24181.48596346  .00002083  00000+0  17878-2 0  9997
2 82560  99.9843  80.3624 0008313 278.4435 258.8486 13.88086127538085
UNKNOWN                 
1 82561U          24197.89642713  .00012183  00000+0  21293-2 0  9998
2 82561  63.0971 255.7684 0486886  54.1517 117.6828 14.12100661540015
UNKNOWN                 
1 82597U          24196.32525745  .00002367  00000+0  86091-3 0  9990
2 82597  66.7729  64.3267 0102304 329.3850  30.1303 14.32029094554927
UNKNOWN                 
1 82617U          24198.23365740  .00001113  00000+0  30503-3 0  9997
2 82617  74.0280 128.4281 0040563 200.8157 159.1352 14.47868308562316
UNKNOWN                 
1 82627U          24197.14390900  .00000868  00000+0  22847-2 0  9990
2 82627  82.4744 256.0057 0004884 287.9813 100.8649 13.15208871511026
UNKNOWN                 
1 82642U          24196.01061216  .00002242  00000+0  13420-2 0  9992
2 82642  98.9857 105.1681 0139481 239.2111 119.5263 14.03372933543540
UNKNOWN                 
1 82683U 99057    24198.22167737  .00003335  00000+0  13187-2 0  9991
2 82683  98.1976 299.6790 0219782  98.9102 263.7024 14.17211538389309
UNKNOWN                 
1 82693U          24195.98935273  .00003240  00000+0  40457-2 0  9995
2 82693 100.5357 107.6683 0038604 229.6794 130.0970 13.65005857483120
UNKNOWN                 
1 82698U          24198.17123931  .00006650  00000+0  35585-2 0  9998
2 82698  61.6052  85.6340 0728259 101.3678 266.9982 13.25621322470033
UNKNOWN                 
1 82708U          24196.86697683  .00001333  00000+0  53271-2 0  9999
2 82708 102.1571 344.8164 0062512 244.3882 115.0740 12.89028970457001
UNKNOWN                 
1 82729U          24196.31198589  .00000029  00000+0  24045-3 0  9992
2 82729  67.9646 318.0668 0829079   3.8072 356.8735 12.17017387472349
UNKNOWN                 
1 82737U          24197.84685848  .00040407  00000+0  29146-1 0  9998
2 82737 102.8840 235.7683 0239432 175.7639 184.5602 13.83753116476569
UNKNOWN                 
1 82739U          24197.26721502  .00002788  00000+0  24328-2 0  9992
2 82739  99.0456   7.6177 0178548 232.1830 306.2903 13.79658430534937
UNKNOWN                 
1 82741U          24198.44868943  .00003013  00000+0  34629-2 0  9994
2 82741 102.8542  64.3002 0209947 336.5974  22.5706 13.61791474526951
UNKNOWN                 
1 82783U          24194.23153242 -.00000055  00000+0 -18414-3 0  9992
2 82783  90.3163  22.1928 0026011  72.7288 287.6682 13.08157962436543
UNKNOWN                 
1 82785U          24190.53633931  .00089126  00000+0  42915-2 0  9997
2 82785  63.1025 284.9301 0197369  86.9998 275.3669 15.02718181556626
UNKNOWN                 
1 82798U          24196.41706582  .00002708  00000+0  12953-2 0  9997
2 82798  82.9495 244.3707 0029426 284.5885  87.8082 14.18589844239035
UNKNOWN                 
1 82820U          24198.21088282  .00005642  00000+0  22887-2 0  9990
2 82820  99.7674 288.5798 0055038  39.2182 321.2963 14.27291473552005
UNKNOWN                 
1 82829U          24198.36096088  .00000091  00000+0  36842-2 0  9997
2 82829  65.0963 164.2399 0159534  89.7984  63.2697 11.29059959428003
UNKNOWN                 
1 82854U          24198.01798216  .00002531  00000+0  20894-2 0  9990
2 82854  82.6895 107.3823 0132093 299.5761  59.2288 13.84781148  8836
UNKNOWN                 
1 82873U          24197.44904386  .00005583  00000+0  27210-2 0  9993
2 82873 100.0252  16.7542 0041191 270.9696  88.6755 14.18134534548000
UNKNOWN                 
1 82875U          24198.23377723  .00002251  00000+0  60646-3 0  9992
2 82875  98.6282 190.2166 0384611 318.4538  38.7981 14.13166422471746
UNKNOWN                 
1 82893U          24196.00330593  .00010500  00000+0  51111-2 0  9991
2 82893  98.9615 293.7810 0032672 100.7909 259.6946 14.18047925350343
UNKNOWN                 
1 82912U          24197.63310460  .00007658  00000+0  34062-2 0  9990
2 82912  65.8369 275.8595 0788868 144.9789 220.5850 13.21922672511070
UNKNOWN                 
1 82961U          24197.76628918  .00016002  00000+0  28831-1 0  9997
2 82961  99.9262  17.1072 0456766 125.6714 238.7815 13.07342708487966
UNKNOWN                 
1 83903U          24198.66619523 -.00000037  00000+0  00000+0 0  9994
2 83903   7.4465 295.4033 0127231 234.6418  90.0402  0.99111016 38566
UNKNOWN                 
1 83934U          24198.19736737 -.00000148  00000+0  00000+0 0  9996
2 83934   6.9424 301.4009 0226981 254.8652 112.0365  1.02662654 40005
UNKNOWN                 
1 83970U          24196.33397786  .00007625  00000+0  77368-2 0  9997
2 83970  18.2671  81.3443 5113417 150.1553 252.7352  5.26158134168836
UNKNOWN                 
1 84006U          24193.82682615 -.00000050  00000+0  00000+0 0  9999
2 84006  23.0730 278.3198 6125842 244.4962  41.7679  2.16233448 73009
UNKNOWN                 
1 84071U          24198.52785596  .00007472  00000+0  52247-2 0  9992
2 84071  20.6085 264.5237 6835015 138.7926 300.7290  2.81825689 90577
UNKNOWN                 
1 84159U          24196.67499366  .00039566  00000+0  18272+0 0  9996
2 84159  65.6151 283.5880 5916801 213.4167  75.5122  3.91076873 10323
UNKNOWN                 
1 84170U 12008    24198.29964739  .00004302  00000+0  28236-2 0  9995
2 84170  20.8345 204.5297 6796305 146.2868 286.0851  2.86841952 80478
UNKNOWN                 
1 84188U          24198.29082162  .00009151  00000+0  27351-1 0  9997
2 84188  64.8005 266.8536 4386620  66.3393 333.2263  6.23580599  6374
UNKNOWN                 
1 84232U 79104    24196.24339479  .00027035  00000+0  11320-1 0  9997
2 84232  20.2092 203.1371 6714042 262.1269  22.8147  2.99870318 88631
UNKNOWN                 
1 84236U          24190.43616198  .00000633  00000+0  51141-2 0  9992
2 84236   8.9661 216.2364 6903064 343.6910   2.2046  2.60590996189001
UNKNOWN                 
1 84292U          24198.52473690  .00016573  00000+0  59724-2 0  9995
2 84292  23.8239 148.9896 4653770  87.7159 322.9071  6.11940889196251
UNKNOWN                 
1 84346U          24198.13946687  .00026323  00000+0  29636-2 0  9996
2 84346  20.8346  99.2209 6719577 342.3099   2.6720  3.03734091 71828
UNKNOWN                 
1 84406U          24196.61760819  .00000595  00000+0  33784-2 0  9997
2 84406 101.6994 328.9263 0039563 340.3259  33.5356 12.66415724983956
UNKNOWN                 
1 84407U          24197.76159571 -.00000186  00000+0  19153-2 0  9993
2 84407  18.5936 114.5079 7224354 143.1879 299.9318  2.05735461 65267
UNKNOWN                 
1 84434U          24197.60920885  .00002693  00000+0  10827-1 0  9992
2 84434  19.9326 160.3306 7099453  50.0907 353.2869  2.40031527 73912
UNKNOWN                 
1 84437U          24188.90890412  .00000048  00000+0  00000+0 0  9992
2 84437  19.1954  21.4435 7005652  30.3120 356.2440  1.97280441  2608
UNKNOWN                 
1 84452U          24197.44892299  .00033008  00000+0  13428-2 0  9996
2 84452   2.7054 174.8173 6103001 140.2011 286.0929  3.95339349134972
UNKNOWN                 
1 84575U          24198.45160534 -.00000209  00000+0 -96111-2 0  9993
2 84575  18.7879 330.3783 7117901  67.3673 350.2627  2.19885280 54148
UNKNOWN                 
1 84588U          24198.38113713  .00001912  00000+0  12973-2 0  9990
2 84588   2.5514 352.3492 6913396  30.8798 355.8182  2.71520975 94230
UNKNOWN                 
1 84597U          24198.64488906  .00006798  00000+0  15009-1 0  9997
2 84597  18.1336 229.0762 7288817 246.2554  25.3979  2.20514859  1242
UNKNOWN                 
1 84932U          24197.78748181 -.00000026  00000+0 -54798-3 0  9998
2 84932   2.0204 153.9511 6550373 232.2320 302.3458  2.99561979116330
UNKNOWN                 
1 84950U          24198.64384458  .00000113  00000+0  00000+0 0  9995
2 84950   1.3344 213.6578 7011139 243.0190  12.3482  2.04333365 79483
UNKNOWN                 
1 84961U          24196.93412855 -.00000076  00000+0  00000+0 0  9999
2 84961   6.6859 287.8693 0133276 240.9040 117.9329  0.98626488 38361
UNKNOWN                 
1 85004U          24198.41336336  .00001783  00000+0  58967-3 0  9996
2 85004  98.3545 173.8385 0047514 267.6528 245.1967 14.38525714558029
UNKNOWN                 
1 85010U          24198.12368608  .00001272  00000+0  14157-2 0  9993
2 85010  99.2935  69.3015 0025280 158.5757 354.2233 13.73229465533232
UNKNOWN                 
1 85015U          24197.57442506  .00001013  00000+0  21205-3 0  9992
2 85015  74.0497 303.2631 0015040 338.9798  21.0748 14.61046336567337
UNKNOWN                 
1 85023U          24197.71407354  .00018227  00000+0  56961-2 0  9990
2 85023  99.8519 112.7842 0007905  46.6110 344.0351 14.40774623553770
UNKNOWN                 
1 85027U          24197.63302274  .00000233  00000+0  30082-3 0  9995
2 85027  66.0420 282.5537 0167446 102.8095 259.1737 13.73829429533842
UNKNOWN                 
1 85047U          24196.56347734  .00011528  00000+0  23705-1 0  9999
2 85047 102.1876  52.2331 0182562  61.5487 300.3886 13.26891718507727
UNKNOWN                 
1 85061U          24197.76850644  .00007245  00000+0  30518-1 0  9998
2 85061 102.5812 128.0089 0291959 101.5539 319.5893 12.70980260490183
UNKNOWN                 
1 85100U          24198.41869392  .00000652  00000+0  21596-3 0  9998
2 85100  74.0461  93.0988 0011445  91.5626  25.5311 14.39834106559295
UNKNOWN                 
1 85106U          24198.16488384  .00000798  00000+0  93522-3 0  9993
2 85106 100.0777 267.9144 0009468 238.9171 148.9660 13.71841679532488
UNKNOWN                 
1 85151U 86019    24198.50944900  .00015833  00000+0  38028-2 0  9991
2 85151  98.4442  42.9265 0013000 311.4072  48.6006 14.53405386404150
UNKNOWN                 
1 85159U          24197.71590941  .00017929  00000+0  65071-2 0  9995
2 85159  98.8274 114.1058 0059387 255.6954 103.7630 14.32355317426293
UNKNOWN                 
1 85205U          24179.76075410  .00000221  00000+0  20859-3 0  9994
2 85205  82.9560 351.0409 0036052 341.1727  76.7406 13.76774975533035
UNKNOWN                 
1 85210U 75052    24197.84859772  .00002472  00000+0  24096-2 0  9995
2 85210  99.8149 320.5723 0222640 194.3362 321.7634 13.69965140531609
UNKNOWN                 
1 85217U          24198.08315583  .00004421  00000+0  12805-2 0  9998
2 85217  98.0038 322.5038 0223672 237.9543 119.9743 14.31350321554057
UNKNOWN                 
1 85220U          24198.27412252  .00130948  00000+0  14493-1 0  9992
2 85220  99.3862 131.3693 0082349 344.9239  14.9517 14.84200173558311
UNKNOWN                 
1 85238U          24197.32613248  .00000085  00000+0  10460-3 0  9994
2 85238  99.0125 136.5778 0063860 154.4670 357.2648 13.88164893539329
UNKNOWN                 
1 85246U          24198.08745778  .00002250  00000+0  84556-3 0  9994
2 85246  98.0282 243.8536 0230837  19.0117 341.9503 14.18785886550011
UNKNOWN                 
1 85370U          24187.98651153  .00001338  00000+0  11990-2 0  9999
2 85370 100.0171   6.6945 0009085 331.7187 182.1307 13.86351956536336
UNKNOWN                 
1 85373U          24198.12687709  .00004492  00000+0  33037-2 0  9996
2 85373 100.4044 158.7272 0052877 147.1746 277.0923 13.95553029540216
UNKNOWN                 
1 85383U          24184.62117145  .00036454  00000+0  57884-2 0  9998
2 85383  98.6574 313.8370 0069042 128.8248 231.9147 14.70385450509667
UNKNOWN                 
1 87014U          24196.27349610  .00003319  00000+0  54298-2 0  9999
2 87014 100.5347 126.2578 0059936  42.5992 111.4978 13.47674884521221
UNKNOWN                 
1 87042U 00055    24198.12504463  .00001059  00000+0  67116-3 0  9998
2 87042  98.7743 252.6815 0045690 103.6246 257.0016 14.05540505481627
UNKNOWN                 
1 87051U 76126    24196.84097172  .00003372  00000+0  11823-2 0  9994
2 87051  65.7308  40.8898 0738231  12.8077 349.0637 13.41136918519259
UNKNOWN                 
1 87054U 75052    24198.43302826  .00004605  00000+0  28466-2 0  9997
2 87054 100.1143   9.7995 0012709 295.8504  64.1349 14.05836795543891
UNKNOWN                 
1 87071U 68097    24198.44843379  .00002906  00000+0  11382-2 0  9992
2 87071  61.2241 350.4530 0523873 350.1259   8.9769 13.75529396531439
UNKNOWN                 
1 87074U 77121    24198.05012882  .00000310  00000+0  40051-3 0  9990
2 87074  66.1422  67.1896 0150815 195.3022 164.3456 13.70936441532612
UNKNOWN                 
1 87113U 76126    24198.47875032  .00028907  00000+0  30362-2 0  9993
2 87113  65.6486 215.3077 0228518 120.7803 241.6024 14.72039802558271
UNKNOWN                 
1 87129U 76077    24196.16635475  .00000242  00000+0  20904-2 0  9997
2 87129 102.2776 274.8709 0027312 315.2784  44.6078 12.42485539482507
UNKNOWN                 
1 87159U          24197.34418994  .00001405  00000+0  16866-2 0  9993
2 87159  90.3325  51.2016 0114225 347.3790  12.4513 13.63760465486372
UNKNOWN                 
1 87163U 76126    24197.33544034  .00002203  00000+0  65038-3 0  9997
2 87163  65.6010  62.6102 0688862 290.9924  61.8781 13.57490411507362
UNKNOWN                 
1 87164U          24198.19027330  .00005537  00000+0  13041-2 0  9995
2 87164  65.2052  12.9514 0144772 274.0117  84.4440 14.48899425560938
UNKNOWN                 
1 87204U          24198.05607556  .00003274  00000+0  13959-2 0  9993
2 87204  98.5896  63.2044 0050030  33.4257 327.0064 14.25093912552009
UNKNOWN                 
1 87211U          24198.15666794  .00004552  00000+0  14659-2 0  9999
2 87211  99.0468 158.7254 0058720 242.9888 129.1936 14.38809852633542
UNKNOWN                 
1 87214U 70025    24197.77463056  .00004010  00000+0  37354-2 0  9995
2 87214 100.3065 141.5850 0072985 136.2732 224.4230 13.81487926529066
UNKNOWN                 
1 87237U 99025    24197.62804957  .00000570  00000+0  47023-3 0  9996
2 87237  99.3228 246.6428 0103453 234.4221 280.6800 13.90968871540126
UNKNOWN                 
1 87239U 81053    24198.30851990  .00013950  00000+0  46971-2 0  9991
2 87239  82.8809 154.9308 0023376 204.1085 155.9014 14.36830266553565
UNKNOWN                 
1 87245U 71015    24198.46684060  .00003843  00000+0  87370-3 0  9993
2 87245  65.6597 333.2771 0477999   9.9097  47.8909 14.04651239541632
UNKNOWN                 
1 87271U 71015    24198.31954084  .00026239  00000+0  51783-2 0  9994
2 87271  65.7731 164.9117 0499247 336.8193  21.1041 14.05146262539583
UNKNOWN                 
1 87280U          24197.38837370  .00000479  00000+0  88299-3 0  9995
2 87280  64.6166  69.2346 0105092  10.5159 349.8042 13.47858386464371
UNKNOWN                 
1 87293U 71015    24197.63261897  .00004136  00000+0  88990-3 0  9998
2 87293  65.9046  62.0973 0486681 278.7832  75.8446 14.05157701541249
UNKNOWN                 
1 87300U 70025    24198.60182617  .00002404  00000+0  17814-2 0  9999
2 87300 100.0494 125.8676 0028239 219.9330 139.9752 13.96155497541279
UNKNOWN                 
1 87304U          24197.82145336  .00002146  00000+0  34778-3 0  9991
2 87304  74.0185 246.5584 0020462 343.8471  16.2046 14.71769562570613
UNKNOWN                 
1 87320U 71015    24198.46097187  .00002125  00000+0  14100-2 0  9997
2 87320  66.5936 227.9036 0430188  20.6987 341.0920 13.66032476523379
UNKNOWN                 
1 87334U          24198.17834507  .00013881  00000+0  12705-1 0  9990
2 87334  90.0021 271.3355 0076546  59.6850 301.1862 13.81592077315212
UNKNOWN                 
1 87335U          24198.68816429  .00017561  00000+0  16109-1 0  9991
2 87335  89.9886 268.5014 0081267  29.6985 330.8760 13.81282421315306
UNKNOWN                 
1 87405U 81053    24198.15212698  .00002591  00000+0  19733-2 0  9990
2 87405  82.7525 104.8853 0058500   8.4033 351.8097 13.92501297539425
UNKNOWN                 
1 87426U          24197.53702568  .00007059  00000+0  31775-2 0  9991
2 87426  65.7874 283.2304 0076069 214.8232 159.5415 14.21280388549126
UNKNOWN                 
1 87448U 70025    24196.82575014  .00002882  00000+0  24417-2 0  9998
2 87448 100.4413 334.8392 0067081  97.6735 263.2043 13.87485954 74350
UNKNOWN                 
1 87456U 76126    24193.75585123  .00003674  00000+0  58264-3 0  9994
2 87456  65.7889  15.9119 0575574 271.8084  81.7193 14.00195394538443
UNKNOWN                 
1 87517U 76126    24197.98343959  .00006462  00000+0  19184-2 0  9995
2 87517  65.8258  40.4333 0700241 195.1816 244.6627 13.53944027523005
UNKNOWN                 
1 87541U 70025    24195.92814863  .00000264  00000+0  59855-3 0  9997
2 87541  99.7725  68.2435 0060911  71.6105 304.5420 13.35278783513050
UNKNOWN                 
1 87553U 76126    24198.30684686  .00005308  00000+0  18176-2 0  9995
2 87553  65.6713 156.2449 0703010  96.2575 271.8964 13.48137423521746
UNKNOWN                 
1 87557U 73086    24198.34758101  .00004814  00000+0  11740-1 0  9999
2 87557 101.7579 344.0608 0067887  89.4877 271.4012 13.21165532496913
UNKNOWN                 
1 87561U 76077    24197.65129453 -.00000082  00000+0 -30032-3 0  9994
2 87561 102.0776 262.0841 0176382 155.5702 359.4420 12.32143827478994
UNKNOWN                 
1 87565U 99025    24187.25813057  .00001728  00000+0  99493-3 0  9993
2 87565  99.8920 124.1008 0178544 151.7674 209.3309 14.03001380542654
UNKNOWN                 
1 87569U 99025    24197.90055716 -.00000013  00000+0  17954-3 0  9999
2 87569 101.9403 350.3755 0055811 184.0858 331.8926 12.68513572493184
UNKNOWN                 
1 87587U 93036    24194.67514715  .00000450  00000+0  15244-3 0  9999
2 87587  74.0263 340.5369 0020117 144.4526 215.7974 14.39488129559245
UNKNOWN                 
1 87590U 99025    24195.86540866  .00001161  00000+0  69281-3 0  9995
2 87590  98.8491 237.3891 0025932 304.3866 232.3642 14.09066072 81415
UNKNOWN                 
1 87616U 76067    24197.08569270  .00000260  00000+0  10607-2 0  9997
2 87616  66.0372  82.0781 0636341 357.6095 152.8754 12.45977210471965
UNKNOWN                 
1 87624U 99025    24197.67825300  .00009475  00000+0  18016-2 0  9998
2 87624  98.6748 100.7988 0117553  48.5314 312.5906 14.59970962504839
UNKNOWN                 
1 87650U          24196.89759715  .00010563  00000+0  31152-2 0  9997
2 87650 100.2735 251.3121 0040451 331.6071  28.2909 14.43330216  4849
UNKNOWN                 
1 87664U 75052    24197.74576227  .00000297  00000+0  90042-3 0  9998
2 87664  99.7801 122.0430 0213715  65.4475 325.5164 13.06940595474103
UNKNOWN                 
1 87672U 93016    24197.53229387  .00003580  00000+0  15735-2 0  9999
2 87672  70.8612  36.2761 0060459 337.7598  22.0907 14.23213022551019
UNKNOWN                 
1 87681U          24198.10720067  .00001071  00000+0  12101-2 0  9992
2 87681  66.7356 236.1340 0154319 145.5195 215.6002 13.69332601531321
UNKNOWN                 
1 87690U 76126    24198.58955191  .00007900  00000+0  11808-2 0  9994
2 87690  65.7946 241.5011 0638112 307.4716  46.9927 13.89617811535614
UNKNOWN                 
1 87706U          24197.89837802  .00005517  00000+0  11443-2 0  9998
2 87706  98.6426 351.5605 0120392  55.8935  96.3538 14.56109888503341
UNKNOWN                 
1 87725U 81053    24196.16758663  .00015658  00000+0  36439-2 0  9991
2 87725  82.8920 350.8062 0021945 309.6536  50.2727 14.54639947557773
UNKNOWN                 
1 87730U          24197.91050144  .00000101  00000+0  91054-4 0  9996
2 87730  82.9434 254.9983 0029808   1.6263 358.4984 13.74361057514617
UNKNOWN                 
1 87737U 99025    24197.37584681  .00000084  00000+0  13049-3 0  9993
2 87737  99.4529  72.4151 0134263  91.4618 270.1914 13.72193465533174
UNKNOWN                 
1 87764U 76126    24198.20939890  .00020646  00000+0  37914-2 0  9991
2 87764  65.6775 124.3151 0431370 335.6008 173.2133 14.19694728545645
UNKNOWN                 
1 87771U 75052    24198.28138830  .00000135  00000+0  43832-3 0  9997
2 87771 100.7524  16.9583 0120405  87.9804 273.5093 13.19308277467244
UNKNOWN                 
1 87782U 73086    24198.36846890  .00004154  00000+0  14608-1 0  9997
2 87782 102.3294 358.4892 0062491 176.0173 184.1430 12.96229039501225
UNKNOWN                 
1 87843U 70025    24196.38060770  .00002257  00000+0  53793-2 0  9991
2 87843  99.6972 348.4075 0247171 133.1446 229.0624 13.13529117496286
UNKNOWN                 
1 87845U          24197.36642726  .00001053  00000+0  20720-2 0  9992
2 87845  98.8595 251.3012 0581571 359.1250   0.8792 12.86792496498869
UNKNOWN                 
1 87878U          24196.95763712  .00004552  00000+0  16283-2 0  9997
2 87878  99.1524 277.3120 0037851 337.1076  22.8418 14.34173494537171
UNKNOWN                 
1 87883U 99025    24194.07218551  .00002764  00000+0  97160-3 0  9992
2 87883  99.2000 123.5630 0291000  32.2565 329.6040 14.14716826499018
UNKNOWN                 
1 87884U 99025    24195.10473230  .00000679  00000+0  39833-3 0  9991
2 87884  98.6993 312.2868 0156529  84.9953 276.9063 14.05255871545642
UNKNOWN                 
1 87898U 99025    24197.17788685  .00024820  00000+0  60402-2 0  9997
2 87898  98.8849 101.8102 0098901 311.5170  47.7567 14.49781931554407
UNKNOWN                 
1 87934U          24196.09339328  .00000136  00000+0  13042-3 0  9992
2 87934  82.9383 321.4897 0031473  34.8224  87.8111 13.72971425533414
UNKNOWN                 
1 87942U          24197.73707284  .00074466  00000+0  27233-2 0  9996
2 87942  99.0392 302.8746 0065346 297.0227  62.4345 15.25750371569939
UNKNOWN                 
1 87991U 77065    24198.44568588  .00000973  00000+0  17760-2 0  9992
2 87991  28.6226 257.8514 0918434 132.1470 236.0838 12.32292124459423
UNKNOWN                 
1 89003U          24195.48982245  .00000376  00000+0  13964-3 0  9994
2 89003  74.0456 243.3692 0014800  66.7974 293.4735 14.35479783557303
UNKNOWN                 
1 89005U          24198.43362732  .00004190  00000+0  10399-2 0  9993
2 89005  97.8894  60.6269 0206359 168.1577 192.4575 14.40237438459904
UNKNOWN                 
1 89029U          24198.48900946  .00006086  00000+0  70391-3 0  9994
2 89029  98.1067  80.3451 0026079 210.6687 149.3005 14.85680374574471
UNKNOWN                 
1 89067U          24197.80501451  .00075832  00000+0  14589-2 0  9990
2 89067  80.9712 135.6607 0376202  66.7841 297.2524 14.96518904508718
UNKNOWN                 
1 89101U          24194.57245545 -.00000242  00000+0 -59627-3 0  9997
2 89101 100.4024 143.1596 0146789 183.4690 176.5410 13.03831635487317
UNKNOWN                 
1 89132U          24193.26409482  .00002324  00000+0  26608-2 0  9991
2 89132  63.4649 291.6966 2983564 319.9287  21.5167  8.81596854279163
UNKNOWN                 
1 89146U          24198.06589851  .00003708  00000+0  80942-3 0  9997
2 89146  98.2224 124.4539 0105028 217.6957 141.6849 14.55045054553793
UNKNOWN                 
1 89161U          24198.28748667  .00029489  00000+0  27593-2 0  9996
2 89161  97.6926 205.4423 0097686  30.1626 330.5167 14.90429299470869
UNKNOWN                 
1 89172U 81053    24196.12963406  .00014237  00000+0  29003-2 0  9999
2 89172  82.0728 340.0093 0357436  50.0323 313.1674 14.27619414527655
UNKNOWN                 
1 89177U          24197.98264897  .00000106  00000+0  96513-4 0  9992
2 89177  82.9218 290.7393 0033603 133.2538 227.1431 13.73585341992298
UNKNOWN                 
1 89183U          24196.53317037  .00000904  00000+0  84459-3 0  9995
2 89183  99.2208 113.7196 0133366  89.0503 272.5927 13.80498700535711
UNKNOWN                 
1 89184U          24198.29166062  .00015674  00000+0  36811-2 0  9999
2 89184  98.4330  42.7924 0015430 307.5673  52.4121 14.54439317416682
UNKNOWN                 
1 89206U          24198.32809520  .00014151  00000+0  46083-2 0  9992
2 89206  98.6535 233.1118 0024293 212.3928 147.5769 14.38640803412608
UNKNOWN                 
1 89213U          24198.52895137  .00000834  00000+0  56532-3 0  9995
2 89213  98.8421  91.2651 0231728  95.5541 267.2094 13.90467392381177
UNKNOWN                 
1 89218U          24190.92410669  .00003113  00000+0  27712-2 0  9999
2 89218 100.3424  88.5512 0102332 287.4535  71.5450 13.83226229521422
UNKNOWN                 
1 89251U          24198.53004534  .00016048  00000+0  92902-2 0  9995
2 89251  62.4806 303.1691 2964544  53.7938 330.2192  9.00898273326169
UNKNOWN                 
1 89255U          24198.47628135  .00001462  00000+0  18900-2 0  9991
2 89255  98.6265  27.1604 0357012 328.0297  29.9611 13.40235350426271
UNKNOWN                 
1 89261U          24197.30434153  .00001573  00000+0  50046-3 0  9995
2 89261  98.1458 208.7828 0011744 284.9293  75.0596 14.41120765459519
UNKNOWN                 
1 89281U          24196.90954043  .00106220  00000+0  10223-1 0  9993
2 89281  99.3232  68.5264 0006205 220.7407 139.3344 14.92397603560837
UNKNOWN                 
1 89314U          24195.03227212  .00004076  00000+0  68404-2 0  9995
2 89314  19.5106  51.8541 7054813 195.7289 119.0916  2.50334436 75562
UNKNOWN                 
1 89349U          24197.39519848 -.00000014  00000+0 -76205-4 0  9993
2 89349  90.2452 355.7836 0031407 176.1364 184.0004 12.95947838411994
UNKNOWN                 
1 89379U          24198.21009836  .00002655  00000+0  38396-2 0  9997
2 89379 100.4700 171.9657 0044912 319.4707  40.3087 13.56005509510841
UNKNOWN                 
1 89395U          24196.96727280  .00000279  00000+0  36571-2 0  9998
2 89395 102.3089 189.3729 0214233 283.8407  93.1935 12.01366202462808
UNKNOWN                 
1 89403U          24196.93697775  .00000581  00000+0  19645-2 0  9999
2 89403  90.2451 354.1811 0030340 137.1607  17.0312 12.97758578410890
UNKNOWN                 
1 89483U          24197.74900749  .00092381  00000+0  37579-2 0  9990
2 89483  99.4853  31.9032 0120434 144.1244 216.8147 15.17675303422504
UNKNOWN                 
1 89484U          24197.51019171  .00005682  00000+0  18262-1 0  9991
2 89484  84.5008 290.7120 2729752 324.1241  20.3367  8.95400074308988
UNKNOWN                 
1 89490U          24197.30038086  .00038543  00000+0  11257-1 0  9990
2 89490  98.4206 146.1073 0087392 302.9521  56.3287 14.41654983407045
UNKNOWN                 
1 89492U          24198.03492553  .00004921  00000+0  33776-2 0  9990
2 89492  82.5274 116.5366 0027971  23.9115 336.3345 13.99129394495451
UNKNOWN                 
1 89493U          24196.09822877  .00004904  00000+0  26382-2 0  9997
2 89493  99.0627 252.6924 0088344  60.9973 300.0016 14.11315386390925
UNKNOWN                 
1 89494U          24198.11637281  .00003917  00000+0  21130-2 0  9995
2 89494  99.0632 254.6730 0088658  55.4019 305.5474 14.11286461391062