NOAA 15                 
1 25338U 98030A   24198.13262118  .00000390  00000+0  17910-3 0  9991
2 25338  98.5672 224.6536 0009302 236.1797 123.8499 14.26628431361561
NOAA 18                 
1 28654U 05018A   24198.16471990  .00000328  00000+0  19858-3 0  9996
2 28654  98.8739 274.8890 0013732 345.4765  14.6011 14.13253729987351
NOAA 19                 
1 33591U 09005A   24198.19105742  .00000318  00000+0  19496-3 0  9991
2 33591  99.0455 254.2950 0013439 206.6022 153.4461 14.13048292795728
METOP-B                 
1 38771U 12049A   24198.17390647 -.00000053  00000+0 -46388-5 0  9996
2 38771  98.6264 254.7437 0001272  81.2079 278.9243 14.21447765613662
SARAL                   
1 39086U 13009A   24197.92875718  .00000223  00000+0  98591-4 0  9991
2 39086  98.5516  22.6450 0001871 163.8224 196.3020 14.32444157595199
METOP-C                 
1 43689U 18087A   24198.14146109  .00000221  00000+0  12108-3 0  9993
2 43689  98.7219 257.0778 0002270  37.4491 322.6844 14.21490453295236
ANGELS                  
1 44876U 19092D   24197.77736396  .00009439  00000+0  35253-3 0  9996
2 44876  97.4748  26.3847 0008967 210.9117 149.1595 15.27558656253724
OTB-3-GAZELLE           
1 54023U 22127A   24197.98350773  .00000365  00000+0  12386-3 0  9999
2 54023  98.3437 191.6493 0014095 140.2706 219.9519 14.42134740 93279
EOS-6 (OCEANSAT-3)      
1 54361U 22158A   24198.19834117  .00000695  00000+0  20322-3 0  9996
2 54361  98.3538 294.8381 0001902  99.0048 261.1360 14.46986499 86467
