SCD 1                   
1 22490U 93009B   24198.22475767  .00000750  00000+0  15663-3 0  9997
2 22490  24.9680 213.5377 0042175 282.5125 155.4153 14.45330359659966
TECHSAT 1B (GO-32)      
1 25397U 98043D   24197.90385934  .00000187  00000+0  10127-3 0  9993
2 25397  98.9230 165.0580 0002388  81.5329 278.6120 14.24069347351503
SCD 2                   
1 25504U 98060A   24197.95941122  .00000665  00000+0  13660-3 0  9990
2 25504  24.9959  74.7858 0016781 276.0793 199.7889 14.44811122358771
LANDSAT 7               
1 25682U 99020A   24198.19873101  .00000896  00000+0  19265-3 0  9995
2 25682  97.8864 223.6168 0001203  97.1798 337.4866 14.60749944343434
DLR-TUBSAT              
1 25757U 99029B   24198.17763139  .00000270  00000+0  78760-4 0  9996
2 25757  98.5876 162.7414 0013616 327.4027  32.6326 14.51931884331607
TERRA                   
1 25994U 99068A   24198.14820428  .00000807  00000+0  17813-3 0  9991
2 25994  98.0467 260.7842 0000577 270.3016 142.2938 14.59863277307395
MAROC-TUBSAT            
1 27004U 01056D   24197.89720949 -.00000004  00000+0  47597-4 0  9996
2 27004  99.7369 352.7015 0020380 138.6536 341.9906 13.70208557130145
AQUA                    
1 27424U 02022A   24198.16819772  .00001646  00000+0  35685-3 0  9996
2 27424  98.3313 147.6508 0001981  62.0118 355.9576 14.59477141180941
IRS-P6 (RESOURCESAT-1)  
1 28051U 03046A   24198.15586487  .00000304  00000+0  11777-3 0  9999
2 28051  98.2922 254.3338 0063555 282.8542  99.5243 14.35502451 79955
SHIYAN 1 (SY-1)         
1 28220U 04012A   24197.64868468  .00010478  00000+0  60901-3 0  9992
2 28220  97.9633 226.6208 0007591 296.8712  63.1741 15.12266859104299
AURA                    
1 28376U 04026A   24198.18088074  .00001680  00000+0  36995-3 0  9997
2 28376  98.2516 142.8188 0001711  45.9196 314.2143 14.58710871 63947
IRS-P5 (CARTOSAT-1)     
1 28649U 05017A   24197.87686768  .00002729  00000+0  30928-3 0  9995
2 28649  97.6120 240.1334 0001128 146.2777 213.8512 14.87156775 39420
SINAH 1                 
1 28893U 05043D   24197.92484656  .00000749  00000+0  15600-3 0  9993
2 28893  98.1973 321.5471 0013851 316.6057  43.4053 14.62803712997938
EROS B                  
1 29079U 06014A   24198.23958247  .00023384  00000+0  12319-2 0  9999
2 29079  97.3345 311.5372 0009599 186.6878 173.4229 15.15558886 11943
RESURS-DK 1             
1 29228U 06021A   24198.15170633  .00004515  00000+0  30324-3 0  9991
2 29228  69.9365 347.4506 0006294 302.7033  57.3523 15.07510154996717
ARIRANG-2 (KOMPSAT-2)   
1 29268U 06031A   24198.18414778  .00000603  00000+0  12443-3 0  9996
2 29268  97.8620  45.1461 0015736 132.3835 343.1417 14.63621751958987
LAPAN-TUBSAT            
1 29709U 07001A   24198.20315928  .00001203  00000+0  15077-3 0  9997
2 29709  98.0702 173.7372 0011368 311.4119  48.6117 14.84091563947114
HAIYANG-1B              
1 31113U 07010A   24197.98156352  .00000213  00000+0  97357-4 0  9999
2 31113  98.2950 198.6968 0014796 118.1948 242.0732 14.30629700901091
COSMO-SKYMED 1          
1 31598U 07023A   24198.16543733  .00001029  00000+0  13584-3 0  9999
2 31598  97.8875  20.8841 0001484  82.9706 277.1675 14.82153686925481
TERRASAR-X              
1 31698U 07026A   24197.82638075  .00003051  00000+0  14842-3 0  9994
2 31698  97.4464 204.5710 0001828  99.4782 260.6659 15.19152689947405
WORLDVIEW-1 (WV-1)      
1 32060U 07041A   24198.22674051  .00013262  00000+0  55002-3 0  9992
2 32060  97.3780 317.1260 0003260 189.6074 170.5101 15.23992208936221
YAOGAN-3                
1 32289U 07055A   24198.17916359  .00003549  00000+0  41823-3 0  9997
2 32289  97.8862 223.2081 0001493 111.4116 248.7259 14.85401110901637
COSMO-SKYMED 2          
1 32376U 07059A   24198.13163413  .00001000  00000+0  13217-3 0  9995
2 32376  97.8874  20.8470 0001530  89.9861 270.1528 14.82139129898232
RADARSAT-2              
1 32382U 07061A   24198.20970625  .00000168  00000+0  82213-4 0  9991
2 32382  98.5773 204.1606 0001250  90.5282 269.6043 14.29982619865888
CARTOSAT-2A             
1 32783U 08021A   24198.13660502  .00001494  00000+0  21010-3 0  9995
2 32783  97.8643 255.9234 0011402 220.4114 139.6251 14.78760012875287
HUANJING 1A (HJ-1A)     
1 33320U 08041A   24198.16720656  .00002663  00000+0  35664-3 0  9994
2 33320  97.6309 203.7506 0018569 277.0900  82.8201 14.80103890854646
HUANJING 1B (HJ-1B)     
1 33321U 08041B   24198.23329350  .00001847  00000+0  24580-3 0  9997
2 33321  97.6261 208.3457 0037239 323.1171  36.7481 14.80370955854677
GEOEYE 1                
1 33331U 08042A   24198.20876943  .00001136  00000+0  22255-3 0  9999
2 33331  98.1295 270.1846 0008133  77.5831 282.6282 14.64642806847564
THEOS                   
1 33396U 08049A   24198.19223262  .00000127  00000+0  79921-4 0  9997
2 33396  98.6562 263.4435 0001116  99.9889 260.1413 14.20091653818498
COSMO-SKYMED 3          
1 33412U 08054A   24198.15238444  .00006515  00000+0  55643-3 0  9997
2 33412  97.8748  35.1215 0017483 116.9279 243.3731 14.97901111851622
YAOGAN-4                
1 33446U 08061A   24198.09781423  .00001822  00000+0  24775-3 0  9993
2 33446  97.8788 129.4318 0014733 185.3904 174.7152 14.79934086841837
GOSAT (IBUKI)           
1 33492U 09002A   24197.89065807  .00001560  00000+0  28324-3 0  9991
2 33492  98.0410 308.8628 0001488  97.1043 263.0330 14.67564903829062
YAOGAN-6                
1 34839U 09021A   24198.18588422  .00027405  00000+0  49628-3 0  9990
2 34839  97.1708 165.4840 0019211  76.6221 283.7171 15.49409680847944
DEIMOS-1                
1 35681U 09041A   24198.12648995  .00001097  00000+0  17648-3 0  9990
2 35681  97.6810  18.4988 0000571  16.4339 343.6888 14.73395643803571
DUBAISAT-1              
1 35682U 09041B   24198.10594275  .00002282  00000+0  37326-3 0  9992
2 35682  97.9099 333.5434 0011693 155.2652 204.9118 14.71715261801896
OCEANSAT-2              
1 35931U 09051A   24198.17095836 -.00000137  00000+0 -68069-4 0  9994
2 35931  98.2625 244.1441 0016672  58.1525 302.1262 13.99475815781276
WORLDVIEW-2 (WV-2)      
1 35946U 09055A   24198.16819450  .00000320  00000+0  12310-3 0  9998
2 35946  98.4601 270.4819 0004940 137.4423 222.7147 14.36829720775050
SMOS                    
1 36036U 09059A   24197.76407832  .00000684  00000+0  23196-3 0  9992
2 36036  98.4432  24.2916 0001408  89.2579 270.8770 14.39776938772528
YAOGAN-7                
1 36110U 09069A   24198.21986306  .00000967  00000+0  14634-3 0  9996
2 36110  98.1021  74.1401 0026354 133.0088 227.3336 14.76308525786170
TANDEM-X                
1 36605U 10030A   24197.82638216  .00003561  00000+0  17265-3 0  9991
2 36605  97.4452 204.5704 0001806  84.5242 275.6198 15.19153451780159
CARTOSAT-2B             
1 36795U 10035A   24198.17324021  .00001575  00000+0  22122-3 0  9992
2 36795  97.8584 255.5760 0010888 307.1036  52.9179 14.78760310756332
YAOGAN-10               
1 36834U 10038A   24198.20925066  .00001335  00000+0  17115-3 0  9999
2 36834  97.9475 215.1794 0001415  97.9622 331.0212 14.82919354753308
COSMO-SKYMED 4          
1 37216U 10060A   24198.14433537  .00000980  00000+0  12964-3 0  9991
2 37216  97.8875  20.8642 0001544  90.2941 269.8449 14.82152184740780
RESOURCESAT-2           
1 37387U 11015A   24198.15811816  .00000307  00000+0  15940-3 0  9992
2 37387  98.5758 263.1115 0005057  46.0027 314.1567 14.21690578687109
HAIYANG-2A              
1 37781U 11043A   24198.14930847  .00000038  00000+0  80545-4 0  9991
2 37781  99.3256 201.1653 0001279  54.3934 305.7337 13.78788921650325
RASAT                   
1 37791U 11044D   24198.18251688  .00001065  00000+0  20084-3 0  9998
2 37791  98.0788 289.2166 0020042 251.1066 169.3342 14.66420318690392
SRMSAT                  
1 37841U 11058D   24197.74959384  .00000553  00000+0  15800-3 0  9999
2 37841  19.9735 344.0284 0011899  48.6942 340.9556 14.11140706658607
YAOGAN-13               
1 37941U 11072A   24198.19446637  .00037808  00000+0  78252-3 0  9991
2 37941  97.7193 183.7378 0001794 130.7964 229.3440 15.45689212700958
PLEIADES 1A             
1 38012U 11076F   24198.22361238  .00000784  00000+0  17851-3 0  9993
2 38012  98.2030 272.3321 0001443 107.9579 316.1517 14.58528085669829
ZIYUAN 1-02C (ZY 1-02C) 
1 38038U 11079A   24198.18654913  .00000847  00000+0  30111-3 0  9998
2 38038  98.4965 266.1973 0005642 234.5912 202.7317 14.36894103658530
ZIYUAN 3-1 (ZY 3-1)     
1 38046U 12001A   24198.16774859  .00019606  00000+0  61912-3 0  9999
2 38046  97.2449 259.5079 0005525  56.2905 303.8863 15.32855195695374
ARIRANG-3 (KOMPSAT-3)   
1 38338U 12025B   24198.14227738  .00001101  00000+0  22462-3 0  9994
2 38338  98.2629 144.4497 0010904 142.7571 217.4388 14.62878760648973
KANOPUS-V 1             
1 38707U 12039A   24197.83965569  .00054882  00000+0  92114-3 0  9990
2 38707  97.4946 137.4896 0002458 110.7803 249.3712 15.51624398665653
EXACTVIEW-1 (ADS-1B)    
1 38709U 12039C   24198.18478422  .00000268  00000+0  13569-3 0  9994
2 38709  98.9518 290.5902 0011471  36.8112 323.3851 14.24484720622888
SPOT 6                  
1 38755U 12047A   24198.15809342  .00000788  00000+0  17927-3 0  9999
2 38755  98.2212 264.4966 0001368 108.6009 251.5339 14.58576777630894
PLEIADES 1B             
1 39019U 12068A   24198.17709135  .00000786  00000+0  17899-3 0  9993
2 39019  98.1952 272.2832 0001348 100.0987 260.0364 14.58527357618660
GOKTURK 2               
1 39030U 12073A   24198.21821666  .00000934  00000+0  14930-3 0  9999
2 39030  97.7501  57.8471 0002109  89.2504 270.8947 14.73985004621218
LANDSAT 8               
1 39084U 13008A   24198.18374221  .00000732  00000+0  17270-3 0  9999
2 39084  98.2278 267.4402 0001086 107.0046 253.1271 14.57088669607637
SARAL                   
1 39086U 13009A   24197.92875718  .00000223  00000+0  98591-4 0  9991
2 39086  98.5516  22.6450 0001871 163.8224 196.3020 14.32444157595199
GAOFEN-1                
1 39150U 13018A   24198.20292747  .00001362  00000+0  20244-3 0  9994
2 39150  97.9883 270.2590 0020061   9.1859 350.9714 14.76472334604842
VNREDSAT 1              
1 39160U 13021B   24198.17573351  .00001284  00000+0  25572-3 0  9990
2 39160  97.9957 264.1489 0001389 106.1532 253.9824 14.63662319597690
ARIRANG-5 (KOMPSAT-5)   
1 39227U 13042A   24198.16771843  .00003768  00000+0  27337-3 0  9992
2 39227  97.6210  23.6624 0002042  45.5148 314.6244 15.04507469598511
SKYSAT-A                
1 39418U 13066C   24197.87307169  .00003849  00000+0  27118-3 0  9990
2 39418  97.4846 257.2897 0024609 203.2465 156.7651 15.05349736582669
DUBAISAT-2              
1 39419U 13066D   24198.17244339  .00006028  00000+0  47937-3 0  9997
2 39419  97.4131 201.8090 0012287 252.1158 107.8727 15.00713577580873
GPM-CORE                
1 39574U 14009C   24198.20041961  .00022520  00000+0  48180-3 0  9993
2 39574  64.9845 135.9380 0006551 263.4853  96.5542 15.44788254589554
SENTINEL-1A             
1 39634U 14016A   24198.15628685  .00000422  00000+0  99141-4 0  9997
2 39634  98.1796 204.8319 0001377  90.8308 269.3050 14.59200919547810
KAZEOSAT 1              
1 39731U 14024A   24198.21789460  .00000383  00000+0  12980-3 0  9991
2 39731  98.3942 274.1912 0001015 100.8070 259.3234 14.42047531537586
ALOS-2                  
1 39766U 14029A   24198.19231294  .00003526  00000+0  47876-3 0  9992
2 39766  97.9225 294.4193 0001621  98.0878 262.0517 14.79474032547964
KAZEOSAT 2              
1 40010U 14033A   24198.20827962  .00001073  00000+0  13945-3 0  9991
2 40010  97.6173  61.9094 0013214 110.6772 249.5860 14.82580713544976
HODOYOSHI-4             
1 40011U 14033B   24198.15475240  .00002504  00000+0  30209-3 0  9996
2 40011  97.5804  46.4209 0026726 103.7842 256.6350 14.84393518544662
DEIMOS-2                
1 40013U 14033D   24198.22062170  .00003437  00000+0  37110-3 0  9994
2 40013  97.6779  84.0182 0002281 105.2118 254.9352 14.88982122546087
HODOYOSHI-3             
1 40015U 14033F   24198.07205006  .00002810  00000+0  36187-3 0  9993
2 40015  97.5975  22.3730 0036172 138.8349 221.5603 14.81377857543671
SPOT 7                  
1 40053U 14034A   24198.19775285  .00000983  00000+0  21702-3 0  9996
2 40053  98.1569 264.5006 0001060 101.1575 258.9744 14.59441780534848
SKYSAT-B                
1 40072U 14037D   24197.76470572  .00002547  00000+0  31134-3 0  9991
2 40072  98.3309 110.7984 0006978  41.1224 319.0513 14.84196960541764
WORLDVIEW-3 (WV-3)      
1 40115U 14048A   24197.90091031  .00001904  00000+0  22843-3 0  9999
2 40115  97.8670 270.7902 0001712  77.9406 282.2001 14.85190975537831
GAOFEN-2                
1 40118U 14049A   24198.19966392  .00002098  00000+0  28257-3 0  9996
2 40118  98.1102 248.3422 0007290 336.2725  23.8150 14.80282319535525
YAOGAN-21               
1 40143U 14053A   24198.19884445  .00013501  00000+0  56968-3 0  9998
2 40143  97.2512 255.2884 0008920  75.7029 284.5198 15.23367282548231
YAOGAN-22               
1 40275U 14063A   24197.90797699 -.00000032  00000+0  37819-4 0  9998
2 40275 100.6672 329.9642 0006021 334.4597  25.6216 13.15484620467600
ASNARO                  
1 40298U 14070A   24198.18990393  .00019012  00000+0  89513-3 0  9992
2 40298  97.4106 279.2025 0006860 125.8838 234.3034 15.19557526537576
HODOYOSHI-1             
1 40299U 14070B   24198.18533369  .00034957  00000+0  62571-3 0  9999
2 40299  97.1369 257.9831 0005261 286.0200  74.0472 15.49888507539611
YAOGAN-23               
1 40305U 14071A   24198.18410332  .00062829  00000+0  99260-3 0  9996
2 40305  97.6882 185.2320 0002568 116.1405 244.0111 15.53281590536897
YAOGAN-24               
1 40310U 14072A   24198.20479016  .00001568  00000+0  23371-3 0  9993
2 40310  98.0588 322.6757 0013441 356.6663   3.4454 14.76231401520329
CBERS 4                 
1 40336U 14079A   24198.18476392  .00000270  00000+0  10872-3 0  9990
2 40336  98.3990 265.7590 0000732 111.3190 248.8074 14.35501607503405
RESURS-P 2              
1 40360U 14087A   24198.17845642  .00038422  00000+0  45374-3 0  9998
2 40360  97.1507 284.9607 0006374 176.0004 184.1306 15.61209264535583
YAOGAN-26               
1 40362U 14088A   24198.17534954  .00017636  00000+0  73685-3 0  9992
2 40362  97.0835 217.5707 0001180 330.9899  29.1273 15.23675932531713
SMAP                    
1 40376U 15003A   24197.95139664  .00001034  00000+0  20917-3 0  9994
2 40376  98.1275 203.9346 0001284  90.4814 269.6536 14.63393032505069
KOMPSAT-3A              
1 40536U 15014A   24198.14577731  .00013516  00000+0  57995-3 0  9991
2 40536  97.6132 148.7303 0003357 156.0618 204.0775 15.22841100514110
SENTINEL-2A             
1 40697U 15028A   24198.19354407  .00000250  00000+0  11199-3 0  9999
2 40697  98.5678 272.0499 0001222  95.3630 264.7693 14.30824234473492
GAOFEN-8                
1 40701U 15030A   24198.20363733  .00019569  00000+0  82153-3 0  9993
2 40701  97.6579 353.5025 0004343 141.5756 218.5790 15.23496224504068
CARBONITE 1 (CBNT-1)    
1 40718U 15032D   24198.16482710  .00003229  00000+0  44572-3 0  9994
2 40718  97.6577  36.9054 0016958  71.6740 288.6315 14.78704320485549
YAOGAN-27               
1 40878U 15040A   24198.18147441 -.00000015  00000+0  71389-4 0  9999
2 40878 100.0788 205.6268 0008828  36.6724 323.4992 13.16020373426961
GAOFEN-9 01             
1 40894U 15047A   24198.17133837  .00001897  00000+0  25657-3 0  9991
2 40894  97.7282 251.7534 0027532 273.9750  85.8315 14.79894568476380
LAPAN-A2                
1 40931U 15052B   24180.14795698  .00001574  00000+0  12542-3 0  9997
2 40931   5.9997 274.4192 0013395 238.9714 120.9097 14.77898591473081
YAOGAN-28               
1 41026U 15064A   24198.21735678  .00014436  00000+0  60719-3 0  9995
2 41026  97.2139 347.4278 0004513  97.7980 262.3770 15.23485786483904
YAOGAN-29               
1 41038U 15069A   24198.21424029  .00000913  00000+0  12264-3 0  9995
2 41038  98.0543 212.7946 0002773 117.6412 242.5082 14.81745527466765
KENT RIDGE 1            
1 41167U 15077B   24197.78744868  .00006042  00000+0  27434-3 0  9998
2 41167  14.9816  55.7789 0009721 111.4284 248.7074 15.15364077474221
TELEOS-1                
1 41169U 15077D   24197.70923318  .00026742  00000+0  80102-3 0  9991
2 41169  14.9803 318.0282 0005800 294.0569  65.9147 15.32238169475233
GAOFEN-4                
1 41194U 15083A   24198.01462962 -.00000316  00000+0  00000+0 0  9999
2 41194   0.0627 241.9484 0001326 199.3873 323.9671  1.00274230 31464
JASON-3                 
1 41240U 16002A   24197.92086554 -.00000028  00000+0  14434-3 0  9991
2 41240  66.0408 151.6624 0008367 269.3119  90.6937 12.80929321397186
SENTINEL-3A             
1 41335U 16011A   24198.19823122  .00000255  00000+0  12353-3 0  9995
2 41335  98.6225 264.5866 0001273  88.4027 271.7299 14.26736508438104
ZIYUAN 3-2 (ZY 3-2)     
1 41556U 16033A   24198.09681677  .00011532  00000+0  51524-3 0  9993
2 41556  97.4550 273.1852 0002011 130.9689 229.1721 15.21497042451392
CARTOSAT-2C             
1 41599U 16040A   24198.20157202  .00009272  00000+0  44209-3 0  9993
2 41599  97.4725 256.9572 0013507  61.3978 298.8613 15.19236657447287
SKYSAT-C1               
1 41601U 16040C   24198.15070024  .00012688  00000+0  44226-3 0  9991
2 41601  97.0606 257.1075 0003594 134.3340 225.8196 15.29759667450579
LAPAN-A3                
1 41603U 16040E   24198.17113360  .00004951  00000+0  19774-3 0  9990
2 41603  97.1417 210.5814 0011923   8.4838 351.6600 15.25515795447644
BIROS                   
1 41604U 16040F   24198.07066095  .00014422  00000+0  37184-3 0  9991
2 41604  97.1217 225.7198 0006522 307.8359  52.2296 15.39264435448620
GAOFEN-3                
1 41727U 16049A   24198.22610937  .00000164  00000+0  62820-4 0  9997
2 41727  98.4045 205.4611 0001397  98.1208 262.0140 14.42225230417608
SKYSAT-C4               
1 41771U 16058B   24198.11967972  .00015278  00000+0  45942-3 0  9995
2 41771  97.0080 244.2124 0004677  85.4688 274.7090 15.34461621437655
SKYSAT-C5               
1 41772U 16058C   24197.68962218  .00015971  00000+0  48592-3 0  9999
2 41772  97.1563 252.0978 0000323 327.1782  32.9442 15.34094026436062
SKYSAT-C2               
1 41773U 16058D   24197.87186450  .00013109  00000+0  45710-3 0  9997
2 41773  97.0106 242.5822 0004364 103.5246 256.6481 15.29736418437507
SKYSAT-C3               
1 41774U 16058E   24198.15805244  .00023183  00000+0  54763-3 0  9990
2 41774  97.0092 250.9665 0004857  91.5404 268.6400 15.41836712438102
ALSAT 1B                
1 41785U 16059C   24198.17161325  .00000778  00000+0  13430-3 0  9991
2 41785  97.8170 225.4053 0008581 324.8759  35.1882 14.71037071417460
PATHFINDER 1            
1 41787U 16059E   24198.02635651  .00001194  00000+0  22735-3 0  9996
2 41787  97.8296 218.7997 0028002 279.6655  80.1386 14.65577383416922
SCATSAT 1               
1 41790U 16059H   24197.86302509  .00001227  00000+0  19156-3 0  9994
2 41790  98.2182 240.8753 0051589 342.5826  17.3611 14.73896331  6134
GOKTURK 1A              
1 41875U 16073A   24198.17460001  .00000865  00000+0  17877-3 0  9996
2 41875  98.1473  92.1385 0001751  88.2934 271.8468 14.62802778406343
RESOURCESAT-2A          
1 41877U 16074A   24198.21538760  .00000283  00000+0  14841-3 0  9994
2 41877  98.6445 271.0889 0000133  75.0136 285.1056 14.21667315394716
CARTOSAT-2D             
1 41948U 17008A   24197.90550760  .00008398  00000+0  40232-3 0  9998
2 41948  97.4242 256.6937 0006267 173.3059 186.8261 15.19163184411101
SENTINEL-2B             
1 42063U 17013A   24198.22852533  .00000262  00000+0  11657-3 0  9993
2 42063  98.5684 272.0808 0001154  93.8925 266.2390 14.30814312384416
ZHUHAI-1 02 (CAS-4B)    
1 42759U 17034B   24198.12104009  .00022259  00000+0  77313-3 0  9996
2 42759  43.0172  62.9037 0011643 187.4540 172.6141 15.29287390391839
NUSAT-3 (MILANESAT)     
1 42760U 17034C   24198.02066202  .00023991  00000+0  74877-3 0  9995
2 42760  43.0083  48.0192 0015144 213.1863 146.8041 15.32650385392019
ZHUHAI-1 01 (CAS-4A)    
1 42761U 17034D   24198.05493110  .00019293  00000+0  66958-3 0  9992
2 42761  43.0213  61.6086 0010961 199.7092 160.3338 15.29393342391835
CARTOSAT-2E             
1 42767U 17036C   24198.18567296  .00009541  00000+0  45546-3 0  9996
2 42767  97.4364 257.1164 0005074 232.3615 127.7160 15.19255128391719
FORMOSAT-5              
1 42920U 17049A   24197.88049865  .00000410  00000+0  11466-3 0  9994
2 42920  98.2905 275.1938 0011969  83.0157 277.2399 14.51003913364983
SENTINEL-5P             
1 42969U 17064A   24197.80281043  .00000183  00000+0  10755-3 0  9999
2 42969  98.7213 136.5756 0001020  79.7147 280.4144 14.19544701350055
SKYSAT-C11              
1 42987U 17068A   24198.08907611  .00022718  00000+0  55408-3 0  9992
2 42987  97.3605 324.5882 0003189 180.5491 179.5752 15.40887060375092
SKYSAT-C10              
1 42988U 17068B   24197.89017835  .00015894  00000+0  52403-3 0  9990
2 42988  97.3689 323.6885 0005614  89.3080 270.8804 15.31514676374983
SKYSAT-C9               
1 42989U 17068C   24197.88518147  .00015644  00000+0  53417-3 0  9991
2 42989  97.3627 322.1296 0013058 183.8951 176.2190 15.30318600375171
SKYSAT-C8               
1 42990U 17068D   24198.09747693  .00015316  00000+0  53578-3 0  9991
2 42990  97.3715 323.3820 0003143 124.8169 235.3368 15.29612265374969
SKYSAT-C7               
1 42991U 17068E   24197.92457398  .00014432  00000+0  50380-3 0  9999
2 42991  97.3713 323.6354 0001131  44.4026 315.7305 15.29698152374960
SKYSAT-C6               
1 42992U 17068F   24197.86562181  .00015035  00000+0  50678-3 0  9990
2 42992  97.3745 324.6378 0005664 131.6684 228.5042 15.30814241374990
CARTOSAT-2F             
1 43111U 18004A   24198.15267922  .00008125  00000+0  38864-3 0  9998
2 43111  97.4298 257.1759 0001563 194.7644 165.3545 15.19241787360897
GAOFEN-1 02             
1 43259U 18031A   24198.17855526  .00001728  00000+0  25468-3 0  9994
2 43259  97.8193 264.7500 0005463  89.1881 270.9955 14.76565422339250
GAOFEN-1 03             
1 43260U 18031B   24198.15680684  .00001726  00000+0  25453-3 0  9997
2 43260  97.8187 264.6475 0005726 140.4601 219.7028 14.76557189339240
GAOFEN-1 04             
1 43262U 18031D   24198.20009101  .00001762  00000+0  25966-3 0  9993
2 43262  97.8195 264.7988 0005312 113.7669 246.4099 14.76557535339249
SENTINEL-3B             
1 43437U 18039A   24197.82064726  .00000230  00000+0  11291-3 0  9991
2 43437  98.6270 264.3351 0001378 110.4796 249.6533 14.26733507324117
GAOFEN-5 01             
1 43461U 18043A   24198.14515322  .00000851  00000+0  19061-3 0  9994
2 43461  98.3568 148.7805 0003142  91.1291 269.0268 14.59211193329390
GAOFEN-6                
1 43484U 18048A   24198.17357179  .00001489  00000+0  22030-3 0  9999
2 43484  97.8627 271.7987 0009741 280.6266  79.3847 14.76590524329944
GAOFEN-11 01            
1 43585U 18063A   24198.17999766  .00013512  00000+0  44844-3 0  9999
2 43585  97.2304 263.3479 0007946  18.4092 341.7436 15.31321323332196
ICESAT-2                
1 43613U 18070A   24198.20364183  .00020680  00000+0  74904-3 0  9996
2 43613  92.0000 102.4598 0004884 333.8302  26.2700 15.28312416325409
HYSIS                   
1 43719U 18096A   24198.15195663  .00002349  00000+0  32687-3 0  9994
2 43719  97.8644 261.4121 0001281 175.3281 184.7942 14.78736743303821
KAZSTSAT                
1 43783U 18099AB  24197.86494095  .00001917  00000+0  17315-3 0  9997
2 43783  97.5244 247.8129 0006368 239.9561 120.1030 14.96599358306273
SAUDISAT 5A             
1 43831U 18102A   24198.15152267  .00006423  00000+0  33386-3 0  9994
2 43831  97.4065 263.0942 0013813  80.8202 279.4593 15.16333170308981
SAUDISAT 5B             
1 43833U 18102C   24198.17730401  .00007081  00000+0  36090-3 0  9996
2 43833  97.4117 264.9863 0014665  84.2309 276.0596 15.16977739309077
GAOFEN-10R              
1 44622U 19066A   24198.19511727  .00002941  00000+0  37871-3 0  9991
2 44622  97.9648 139.9981 0001783 107.7834 252.3573 14.81849648258513
CARTOSAT-3              
1 44804U 19081A   24198.15758101  .00007270  00000+0  34843-3 0  9991
2 44804  97.5312 255.8500 0012718  84.2708 275.9976 15.19150155256980
GAOFEN-12 01            
1 44819U 19082A   24198.17000929  .00000982  00000+0  13312-3 0  9999
2 44819  97.8230 211.5913 0002710 100.1178 260.0340 14.81100741250365
CSG-1                   
1 44873U 19092A   24198.15695359  .00001127  00000+0  14797-3 0  9995
2 44873  97.8875  20.8774 0001344  79.3165 280.8200 14.82180038247630
NUSAT-6 (HYPATIA)       
1 46272U 20061A   24198.18302568  .00142288  00000+0  11916-2 0  9991
2 46272  97.2275 273.3775 0003836 194.4608 165.6545 15.69527087216024
NEMO-HD                 
1 46277U 20061F   24198.17102929  .00010145  00000+0  38836-3 0  9991
2 46277  97.2958 260.2088 0002659  73.5101 286.6430 15.26740697214365
SENTINEL-6              
1 46984U 20086A   24197.88552863 -.00000048  00000+0  56678-4 0  9993
2 46984  66.0406 151.6637 0007940 270.1375  89.8730 12.80929896170624
GAOFEN-12 02            
1 48079U 21026A   24198.22694143  .00001015  00000+0  13748-3 0  9996
2 48079  97.9510 189.6713 0001200 100.3438 259.7910 14.81105403178048
PLEIADES NEO 3          
1 48268U 21034A   24197.52327541  .00002313  00000+0  30037-3 0  9994
2 48268  97.8952 271.3554 0001645 104.8654 255.2741 14.81680012173751
NUSAT-19 (ROSALIND)     
1 48905U 21059AC  24198.15490062  .00082939  00000+0  11232-2 0  9995
2 48905  97.5920 352.2205 0004605 248.3510 111.7254 15.57407704170343
PLEIADES NEO 4          
1 49070U 21073E   24198.16482466  .00002663  00000+0  34487-3 0  9999
2 49070  97.8924 271.9854 0001484 101.4818 258.6562 14.81671183157565
LANDSAT 9               
1 49260U 21088A   24198.14937020  .00000725  00000+0  17094-3 0  9997
2 49260  98.2306 267.3752 0001303  94.4824 265.6523 14.57104196148900
CSG-2                   
1 51444U 22008A   24198.12321917  .00000798  00000+0  10673-3 0  9993
2 51444  97.8873  20.8387 0001493  88.6680 271.4704 14.82165907132748
INS-2TD                 
1 51658U 22013C   24197.80770245  .00063983  00000+0  11939-2 0  9992
2 51658  97.5169 222.1733 0006209  71.6782 288.5143 15.48555281134421
GAOFEN-12 03            
1 52912U 22069A   24198.19993835  .00003050  00000+0  39759-3 0  9992
2 52912  97.9079  88.8522 0005709  60.1345 300.0435 14.81283997110903
SWOT                    
1 54754U 22173A   24197.87923854  .00000069  00000+0  48621-4 0  9998
2 54754  77.6096 261.9999 0000183 178.1336 181.9816 14.00169144 81001
GAOFEN-12 04            
1 57654U 23123A   24198.16715946  .00002722  00000+0  35621-3 0  9993
2 57654  97.9090 115.2384 0006580  97.4442 262.7519 14.81205360 48910
PARS 1                  
1 59065U 24039Q   24198.15111563  .00010127  00000+0  39033-3 0  9991
2 59065  97.3945 159.8375 0016399 105.1466 255.1588 15.26397936 20998
RESURS-P 4              
1 59371U 24061A   24198.17362713  .00006557  00000+0  20725-3 0  9993
2 59371  97.1864 150.4283 0002533  75.3160 284.8364 15.33124518 16364
ALOS-4 (DAICHI-4)       
1 60182U 24123A   24198.21214877  .00003938  00000+0  53282-3 0  9990
2 60182  97.8749 294.4735 0001978 103.5992 256.5440 14.79557615  2234
