SAUDISAT 1C (SO-50)     
1 27607U 02058C   24198.20650513  .00002811  00000+0  39484-3 0  9995
2 27607  64.5549 132.3410 0025644  97.0931 263.3090 14.79146266160614
SAUDISAT 2              
1 28371U 04025F   24198.54018122  .00000718  00000+0  17524-3 0  9996
2 28371  98.4846 172.1324 0023964 290.2376  69.6245 14.55548289 63816
SAUDISAT 3              
1 31118U 07012B   24198.42719157  .00000725  00000+0  12815-3 0  9997
2 31118  98.0567 141.7015 0013681 300.2697  59.7155 14.70282116924735
PISAT                   
1 41784U 16059B   24198.57075451  .00001763  00000+0  32795-3 0  9998
2 41784  97.8329 219.2385 0029012 280.5693  79.2244 14.66048031416968
FLYING LAPTOP           
1 42831U 17042G   24198.55974983  .00003107  00000+0  28634-3 0  9992
2 42831  97.3865  17.8060 0012184 343.8121  16.2710 14.95320930381520
SALSAT                  
1 46495U 20068K   24198.43236273  .00009343  00000+0  52298-3 0  9995
2 46495  97.8169 158.4709 0012912 205.8848 154.1738 15.13604390208735