STARLETTE               
1 07646U 75010A   24198.57145371 -.00000126  00000+0  11855-4 0  9996
2 07646  49.8267 350.0255 0205607 268.5247  89.2086 13.82329100497625
LAGEOS 1                
1 08820U 76039A   24198.63596281 -.00000010  00000+0  00000+0 0  9997
2 08820 109.8617 299.3718 0044114  92.4890 252.2973  6.38665114868391
AJISAI (EGS)            
1 16908U 86061A   24198.61288571 -.00000098  00000+0 -11731-5 0  9993
2 16908  50.0080 141.6298 0011206 197.2066 217.8597 12.44506539393150
COSMOS 1989 (ETALON 1)  
1 19751U 89001C   24198.49384756 -.00000027  00000+0  00000+0 0  9999
2 19751  64.5656  96.2312 0023815 215.9447 265.1203  2.13156229276433
COSMOS 2024 (ETALON 2)  
1 20026U 89039C   24198.29924635 -.00000065  00000+0  00000+0 0  9993
2 20026  65.3252 334.5713 0019529 216.8888 152.2533  2.13204480273566
LAGEOS 2                
1 22195U 92070B   24198.28844921 -.00000009  00000+0  00000+0 0  9997
2 22195  52.6804 349.6039 0137497 240.4517 308.1654  6.47293399750049
STELLA                  
1 22824U 93061B   24198.61048786 -.00000013  00000+0  13579-4 0  9994
2 22824  98.8765 245.3515 0007410 110.1544  13.9958 14.27427796604820
LARETS                  
1 27944U 03042F   24198.57848553  .00000179  00000+0  43934-4 0  9997
2 27944  98.3189 339.0908 0013478  66.6032 293.6586 14.63534227110877
LARES                   
1 38077U 12006A   24198.54928453 -.00000044  00000+0 -32182-4 0  9997
2 38077  69.4899  49.0015 0009983 329.1708  30.8731 12.54931523569164
LARES-2                 
1 53105U 22080A   24198.43981178  .00000034  00000+0  00000+0 0  9996
2 53105  70.1402 185.6537 0004933 132.2575 227.8444  6.38965293 46898