GOES 1 (SMS-C)          
1 08366U 75100A   24197.32826897 -.00000057  00000+0  00000+0 0  9995
2 08366   6.3951 286.1732 0002478 280.0425  98.3450  1.00316986178032
GOES 2                  
1 10061U 77048A   24197.53114520  .00000009  00000+0  00000+0 0  9995
2 10061   8.0887 299.4418 0010324  44.5980 334.8734  0.99399943 39300
GOES 3                  
1 10953U 78062A   24197.16798984 -.00000233  00000+0  00000+0 0  9993
2 10953   8.4927 304.5923 0002537 186.2412 179.5552  0.99363297121564
GOES 4                  
1 11964U 80074A   24197.99826935  .00000003  00000+0  00000+0 0  9995
2 11964   9.5134 308.4129 0032144  96.2853 272.6711  0.99231322120672
GOES 5                  
1 12472U 81049A   24197.46563956  .00000096  00000+0  00000+0 0  9998
2 12472  10.6190 320.4866 0001962 220.0838 144.6925  1.00307729115811
GOES 6                  
1 14050U 83041A   24197.46877237  .00000006  00000+0  00000+0 0  9997
2 14050  11.3149 325.9722 0004316 181.8020 194.4435  1.00319041208981
GOES 7                  
1 17561U 87022A   24197.35282185 -.00000285  00000+0  00000+0 0  9990
2 17561  13.5675 342.6449 0003624  99.2908 287.8370  0.99901645119956
GOES 8                  
1 23051U 94022A   24198.12410506  .00000026  00000+0  00000+0 0  9997
2 23051  13.8258  18.8313 0006036  73.7814 109.4284  0.98904462117187
GOES 9                  
1 23581U 95025A   24197.67623042 -.00000064  00000+0  00000+0 0  9992
2 23581  13.3341  19.4659 0008193 133.2540 227.8978  0.98800754105830
GOES 10                 
1 24786U 97019A   24197.64422365  .00000048  00000+0  00000+0 0  9998
2 24786  12.2941  25.9153 0028146 215.8038 326.4443  0.99123551 99112
GOES 11                 
1 26352U 00022A   24197.71652191  .00000060  00000+0  00000+0 0  9991
2 26352  10.3043  52.9719 0001782 168.4746  16.3514  0.99040905 45520
GOES 12                 
1 26871U 01031A   24197.67918919  .00000055  00000+0  00000+0 0  9990
2 26871  10.8969  42.8913 0004235 314.4899  39.1364  0.99136899 83807
EWS-G1 (GOES 13)        
1 29155U 06018A   24197.90631819 -.00000132  00000+0  00000+0 0  9992
2 29155   2.6981  84.9686 0077272 256.0098  29.4646  0.99048781 36316
GOES 14                 
1 35491U 09033A   24197.61426286 -.00000048  00000+0  00000+0 0  9996
2 35491   0.4036 101.4325 0003961   9.4727 295.6879  1.00272690 55071
EWS-G2 (GOES 15)        
1 36411U 10008A   24197.86267289  .00000057  00000+0  00000+0 0  9995
2 36411   0.3768  88.9744 0003084 102.5565 114.3720  1.00272416 52604
GOES 16                 
1 41866U 16071A   24197.76392597 -.00000230  00000+0  00000+0 0  9995
2 41866   0.0808 252.4896 0000511 206.6395  34.7755  1.00272158 28071
GOES 17                 
1 43226U 18022A   24197.68658611 -.00000072  00000+0  00000+0 0  9992
2 43226   0.0168 264.6707 0001305 242.1057 289.6941  1.00272704 23384
GOES 18                 
1 51850U 22021A   24198.24456002  .00000115  00000+0  00000+0 0  9998
2 51850   0.0339 194.2136 0000509 269.6109 141.7720  1.00271317  8775
GOES 19                 
1 60133U 24119A   24197.70000000 -.00000209  00000+0  00000+0 0  9990
2 60133   0.1140 258.7920 0035378 188.8600 358.6590  1.01378742   279
