GALAXY 25 (G-25)        
1 24812U 97026A   24198.35467598 -.00000065  00000+0  00000+0 0  9992
2 24812   5.6131  75.8000 0010287   7.2862 355.6547  0.99095264 99285
INTELSAT 5 (IS-5)       
1 24916U 97046A   24190.87099052 -.00000069  00000+0  00000+0 0  9998
2 24916   8.8477  55.2912 0003434  97.2971 254.4074  1.00272075 98514
GALAXY 11 (G-11)        
1 26038U 99071A   24198.54287339 -.00000042  00000+0  00000+0 0  9995
2 26038   4.9280  78.8947 0000214 255.3460 322.3386  1.00272619 90058
INTELSAT 9 (IS-9)       
1 26451U 00043A   24198.28343177  .00000126  00000+0  00000+0 0  9991
2 26451   8.8476  55.4187 0003048  83.7914 275.3635  1.00390797 37119
INTELSAT 1R (IS-1R)     
1 26608U 00072A   24198.53441778 -.00000128  00000+0  00000+0 0  9994
2 26608   6.3357  72.4189 0000275 133.1771  78.7264  1.00271451 34299
INTELSAT 10 (IS-10)     
1 26766U 01019A   24198.55236233 -.00000266  00000+0  00000+0 0  9994
2 26766   7.3915  66.3637 0003584  57.5632 109.3615  1.00113807 38594
INTELSAT 901 (IS-901)   
1 26824U 01024A   24198.34588669 -.00000184  00000+0  00000+0 0  9994
2 26824   0.0211 291.1420 0000936 163.7361 296.8091  1.00270214 15954
INTELSAT 902 (IS-902)   
1 26900U 01039A   24198.48454906 -.00000269  00000+0  00000+0 0  9990
2 26900   4.3344  80.3049 0004773  53.2412 285.5782  1.00270065 83660
INTELSAT 904 (IS-904)   
1 27380U 02007A   24198.48863913 -.00000201  00000+0  00000+0 0  9997
2 27380   5.1516  77.5118 0003002  35.5834 328.1230  1.00271879 44745
DIRECTV 5 (TEMPO 1)     
1 27426U 02023A   24198.54412737 -.00000041  00000+0  00000+0 0  9999
2 27426   3.0742  84.0954 0003448  41.0290 255.5124  1.00272254 81099
INTELSAT 905 (IS-905)   
1 27438U 02027A   24198.33149236 -.00000172  00000+0  00000+0 0  9999
2 27438   4.9770  78.1699 0002805  33.4424 277.8858  1.00271815 44332
GALAXY 3C (G-3C)        
1 27445U 02030A   24198.54717317 -.00000135  00000+0  00000+0 0  9994
2 27445   1.9206  86.4793 0003909  32.9188 277.5870  1.00271644 39464
INTELSAT 906 (IS-906)   
1 27513U 02041A   24198.57879749  .00000028  00000+0  00000+0 0  9993
2 27513   4.0106  81.5485 0003177  26.5768  99.2702  1.00273022 80008
GALAXY 23 (G-23)        
1 27854U 03034A   24198.49266247  .00000030  00000+0  00000+0 0  9991
2 27854   1.3806  88.6988 0002632  31.1238 231.4458  1.00271314 76711
GALAXY 13 (HORIZONS-1)  
1 27954U 03044A   24198.46292969  .00000151  00000+0  00000+0 0  9994
2 27954   0.0219  69.5880 0000639 117.3214 124.4894  1.00271442 39548
INTELSAT 10-02          
1 28358U 04022A   24198.56588303  .00000007  00000+0  00000+0 0  9991
2 28358   0.0365 264.3249 0001389 188.5952  44.6926  1.00270531 73539
XM-3 (RHYTHM)           
1 28626U 05008A   24198.54908766 -.00000186  00000+0  00000+0 0  9990
2 28626   0.0035 294.9479 0004297 286.9533 185.4875  1.00270164 35597
DIRECTV 8               
1 28659U 05019A   24198.56388823  .00000019  00000+0  00000+0 0  9990
2 28659   0.0147 352.7889 0003204 130.6358 255.4244  1.00273127 70041
GALAXY 28 (G-28)        
1 28702U 05022A   24198.54839149 -.00000168  00000+0  00000+0 0  9999
2 28702   1.4853  87.6569 0001625 152.8131 162.8068  1.00271324 44951
GALAXY 14 (G-14)        
1 28790U 05030A   24198.57258378  .00000170  00000+0  00000+0 0  9999
2 28790   3.2035  83.5001 0001606  18.7051  71.7112  1.00270386 69284
SPACEWAY 2              
1 28903U 05046B   24198.47378519  .00000116  00000+0  00000+0 0  9991
2 28903   3.6737  79.9402 0000054  86.8728 159.7533  1.00279848 44313
GALAXY 16 (G-16)        
1 29236U 06023A   24198.51395410 -.00000108  00000+0  00000+0 0  9993
2 29236   0.0455 237.8365 0002883 236.8013 266.2044  1.00271223 65942
DIRECTV 9S              
1 29494U 06043A   24198.51263205 -.00000095  00000+0  00000+0 0  9992
2 29494   0.6034  89.3029 0003177  27.8586 261.0104  1.00272112 44354
GALAXY 17 (G-17)        
1 31307U 07016B   24198.54917469 -.00000189  00000+0  00000+0 0  9994
2 31307   1.1881  89.0239 0004354  38.7248 279.8107  1.00271945 62779
DIRECTV 10              
1 31862U 07032A   24197.39910650 -.00000085  00000+0  00000+0 0  9990
2 31862   0.0380 227.2080 0000177   0.8835 106.5257  1.00272308 62369
INTELSAT 11 (IS-11)     
1 32253U 07044B   24198.34284090 -.00000252  00000+0  00000+0 0  9992
2 32253   1.7367  87.4689 0003273  32.9913 254.6194  1.00271113 61469
HORIZONS-2              
1 32388U 07063B   24198.55135025 -.00000235  00000+0  00000+0 0  9999
2 32388   0.7849  89.3871 0002145  26.6125 303.5586  1.00270523 60785
DIRECTV 11              
1 32729U 08013A   24198.51395410 -.00000107  00000+0  00000+0 0  9994
2 32729   0.0390 215.5349 0000336 221.0790 304.0531  1.00268819 38562
GALAXY 18 (G-18)        
1 32951U 08024A   24198.54160372  .00000043  00000+0  00000+0 0  9991
2 32951   0.0137 343.9246 0003105 133.3920 249.5149  1.00274172 38823
INTELSAT 25 (IS-25)     
1 33153U 08034A   24198.48820403 -.00000206  00000+0  00000+0 0  9990
2 33153   0.8924  89.0376 0003164  28.9949 321.0204  1.00271586 58665
GALAXY 19 (G-19)        
1 33376U 08045A   24198.51670169 -.00000120  00000+0  00000+0 0  9990
2 33376   0.0570 264.8269 0002882 216.3515 262.6643  1.00271945 57871
FM-5                    
1 35493U 09034A   24198.54891362 -.00000181  00000+0  00000+0 0  9991
2 35493   0.0233 300.4385 0000312 331.0791 134.8100  1.00270232 39610
INTELSAT 14 (IS-14)     
1 36097U 09064A   24198.48550632 -.00000255  00000+0  00000+0 0  9992
2 36097   0.0194 315.6337 0002543 160.6631 308.2905  1.00270474 53578
INTELSAT 15 (IS-15)     
1 36106U 09067A   24198.62539711 -.00000167  00000+0  00000+0 0  9999
2 36106   0.0276  53.7778 0002514  62.8275 128.6364  1.00270604 34201
DIRECTV 12              
1 36131U 09075A   24198.34869257 -.00000085  00000+0  00000+0 0  9995
2 36131   0.0076 262.5274 0000302 155.6664 259.2808  1.00271780 39535
INTELSAT 16 (IS-16)     
1 36397U 10006A   24198.55091514 -.00000226  00000+0  00000+0 0  9998
2 36397   0.0135  34.0379 0003014 108.8255 274.1256  1.00271326 52626
XM-5                    
1 37185U 10053A   24197.68449757 -.00000004  00000+0  00000+0 0  9999
2 37185   0.0184  39.5415 0000304 127.8010 257.8981  1.00269116 50441
INTELSAT 17 (IS-17)     
1 37238U 10065B   24198.61299025  .00000016  00000+0  00000+0 0  9998
2 37238   0.0319  84.3147 0002788  58.3651  78.9214  1.00272230 46219
INTELSAT NEW DAWN       
1 37392U 11016A   24198.57258378  .00000174  00000+0  00000+0 0  9992
2 37392   0.0179  71.7562 0001510  46.0539  56.0042  1.00271464 46265
INTELSAT 18 (IS-18)     
1 37834U 11056A   24198.56646701  .00000071  00000+0  00000+0 0  9993
2 37834   0.0260  48.0432 0001933  66.6654 204.1112  1.00273060 46780
INTELSAT 22 (IS-22)     
1 38098U 12011A   24198.61187456 -.00000041  00000+0  00000+0 0  9999
2 38098   0.0124  41.1388 0001768  87.4956  98.6624  1.00272029   168
INTELSAT 19 (IS-19)     
1 38356U 12030A   24198.54255441 -.00000038  00000+0  00000+0 0  9995
2 38356   0.0184  25.1112 0003236  96.5889 174.4824  1.00272352 43415
INTELSAT 20 (IS-20)     
1 38740U 12043A   24198.60009535 -.00000006  00000+0  00000+0 0  9999
2 38740   0.0126  70.1356 0000610 127.7017  21.5998  1.00271177 43723
INTELSAT 21 (IS-21)     
1 38749U 12045A   24198.26828983 -.00000266  00000+0  00000+0 0  9996
2 38749   0.0157  62.5962 0002042  58.3887 212.1939  1.00271908 43498
INTELSAT 23 (IS-23)     
1 38867U 12057A   24198.55552734 -.00000266  00000+0  00000+0 0  9990
2 38867   0.0437 223.5514 0000678 191.5658  26.7541  1.00280147 42910
FM-6                    
1 39360U 13058A   24198.54299608  .00000002  00000+0  00000+0 0  9995
2 39360   0.0038   4.9671 0000354  26.7604 342.4444  1.00270038 39039
INTELSAT 30 (IS-30)     
1 40271U 14062A   24194.40813184 -.00000140  00000+0  00000+0 0  9990
2 40271   0.0090  26.7797 0002044 333.1998 342.6675  1.00275126   118
DIRECTV 14              
1 40333U 14078B   24198.51395407 -.00000106  00000+0  00000+0 0  9997
2 40333   0.0122 334.7937 0000380  62.5236 343.2991  1.00269621 35030
DIRECTV 15              
1 40663U 15026A   24198.51126013 -.00000084  00000+0  00000+0 0  9997
2 40663   0.0248  45.5238 0000272  33.4529 297.0485  1.00269414 33445
SKY MEXICO-1            
1 40664U 15026B   24197.73640551 -.00000216  00000+0  00000+0 0  9996
2 40664   0.0136  57.2395 0002115  62.0528   1.1212  1.00271388 33424
INTELSAT 34 (IS-34)     
1 40874U 15039A   24198.05412814 -.00000267  00000+0  00000+0 0  9994
2 40874   0.0253 345.1844 0001384  34.5641 238.6354  1.00272753 32590
INTELSAT 31 (IS-31)     
1 41581U 16035A   24194.40257745 -.00000141  00000+0  00000+0 0  9993
2 41581   0.0167  99.8028 0000815  60.4268 180.4152  1.00277125 29626
INTELSAT 36 (IS-36)     
1 41747U 16053A   24198.60009625 -.00000006  00000+0  00000+0 0  9995
2 41747   0.0097  20.1623 0002866 353.3411 205.9453  1.00271166 28920
INTELSAT 33E (IS-33E)   
1 41748U 16053B   24198.50639175  .00000067  00000+0  00000+0 0  9990
2 41748   0.0135  39.2693 0001921  72.6260  65.2250  1.00270880 29224
INTELSAT 32E (IS-32E)   
1 41945U 17007B   24198.48594144 -.00000250  00000+0  00000+0 0  9997
2 41945   0.0171  54.2791 0000467 347.9156  24.3711  1.00270243 27190
INTELSAT 35E (IS-35E)   
1 42818U 17041A   24197.77210531 -.00000220  00000+0  00000+0 0  9998
2 42818   0.0250  49.5844 0001470  48.5781  79.3880  1.00271555 25784
INTELSAT 37E (IS-37E)   
1 42950U 17059A   24198.41196900 -.00000122  00000+0  00000+0 0  9990
2 42950   0.0269  54.9138 0002910  63.9669 306.1623  1.00270672 25036
AZERSPACE 2 (IS-38)     
1 43632U 18074A   24198.57502042  .00000155  00000+0  00000+0 0  9996
2 43632   0.0182  49.0695 0001623  66.3259  71.6169  1.00271385 21423
HORIZONS-3E             
1 43633U 18074B   24197.93382875 -.00000012  00000+0  00000+0 0  9999
2 43633   0.0580 227.4723 0000546  61.8588 150.0982  1.00271003 21307
AT&T T-16               
1 44333U 19034A   24198.47445443 -.00000096  00000+0  00000+0 0  9997
2 44333   0.0152   3.5038 0000350 322.7914  38.4402  1.00270213 18604
INTELSAT 39 (IS-39)     
1 44476U 19049B   24197.57661632  .00000051  00000+0  00000+0 0  9991
2 44476   0.0249  44.2970 0000911 324.6920 194.4373  1.00270865 18105
GALAXY 30 (G-30)        
1 46114U 20056C   24198.48836147  .00000055  00000+0  00000+0 0  9992
2 46114   0.0168  54.5909 0002168  57.5024 233.5246  1.00272550 14265
GALAXY 33 (G-33)        
1 54026U 22128A   24198.53570631  .00000097  00000+0  00000+0 0  9990
2 54026   0.0184  41.0862 0002094  68.2350 245.3813  1.00272724  6728
GALAXY 34 (G-34)        
1 54027U 22128B   24198.54038539  .00000077  00000+0  00000+0 0  9996
2 54027   0.0189  37.6249 0001328  86.1391 236.7034  1.00271903  6881
GALAXY 31 (G-31)        
1 54243U 22153A   24198.49119970  .00000032  00000+0  00000+0 0  9998
2 54243   0.0173  71.2923 0001481  39.8658 239.4807  1.00272532   148
GALAXY 32 (G-32)        
1 54244U 22153B   24198.26174608 -.00000155  00000+0  00000+0 0  9990
2 54244   0.0108  23.3070 0001810  34.6523 239.8505  1.00271535  6112
GALAXY 35 (G-35)        
1 54741U 22170A   24198.39539865 -.00000144  00000+0  00000+0 0  9993
2 54741   0.0181  61.2403 0002118  58.9839 223.7331  1.00271871  5860
GALAXY 36 (G-36)        
1 54742U 22170B   24196.61631700 -.00000169  00000+0  00000+0 0  9995
2 54742   0.0237 273.6219 0003304 198.2902 313.9262  1.00276998  5729
GALAXY 37 (G-37)        
1 57493U 23112A   24198.48547573  .00000066  00000+0  00000+0 0  9994
2 57493   0.0101   1.4248 0002152 106.0220 235.1316  1.00275089  3514