COSMOS 2361             
1 25590U 98076A   24198.54785346  .00000097  00000+0  88499-4 0  9994
2 25590  82.9350   4.2665 0030185 254.8556 166.7126 13.73125518280549
COSMOS 2378             
1 26818U 01023A   24198.58878674  .00000076  00000+0  64433-4 0  9994
2 26818  82.9267  20.8546 0032580 196.4603 226.1308 13.74054583158627
COSMOS 2389             
1 27436U 02026A   24198.49064868  .00000073  00000+0  59333-4 0  9997
2 27436  82.9529 327.5823 0047471  56.1132  14.7982 13.75070330110811
COSMOS 2398             
1 27818U 03023A   24198.63907046  .00000074  00000+0  63595-4 0  9995
2 27818  82.9493 291.5258 0032718 100.6014  14.2516 13.72302397 57657
COSMOS 2407             
1 28380U 04028A   24198.60926257  .00000086  00000+0  71750-4 0  9993
2 28380  82.9583 233.6128 0040334  53.2563  59.0095 13.76218510  3512
COSMOS 2414             
1 28521U 05002A   24198.56719736  .00000112  00000+0  80405-4 0  9997
2 28521  82.9479 213.5067 0040605 165.1479 195.0887 13.87782756986668
COSMOS 2429             
1 32052U 07038A   24198.58128633  .00000088  00000+0  75158-4 0  9995
2 32052  82.9815   2.2232 0039133  33.7244 326.6389 13.75060397845364
COSMOS 2454             
1 35635U 09039A   24198.53731146  .00000122  00000+0  86191-4 0  9990
2 35635  82.9552 198.4669 0020716 103.0665  11.8275 13.89811703760070
COSMOS 2463             
1 36519U 10017A   24198.60422979  .00000082  00000+0  74716-4 0  9994
2 36519  82.9592  44.4405 0034833 274.3291 139.6740 13.71565975711896