OPS 7218 (TRANSIT 16)   
1 02807U 67048A   24198.54217655  .00000182  00000+0  26731-3 0  9993
2 02807  89.6720  10.8289 0020984 158.0574 269.4539 13.50530652813350
OPS 4947 (TRANSIT 17)   
1 02965U 67092A   24198.60140848  .00000164  00000+0  22684-3 0  9996
2 02965  89.2293  64.0803 0046003 290.1540 130.5112 13.53248856801436
OPS 7034 (TRANSIT 18)   
1 03133U 68012A   24198.60832366  .00000159  00000+0  22681-3 0  9991
2 03133  90.0219 272.5057 0073143 218.4958 268.3555 13.51371114499740
NNSS 19 (TRANSIT 19)    
1 04507U 70067A   24198.55982524  .00000149  00000+0  19843-3 0  9991
2 04507  89.9674 235.1853 0171543 343.5441  16.0182 13.51081404652786
NNSS 20 (TRANSIT 20)    
1 06909U 73081A   24198.54813592  .00000294  00000+0  29127-3 0  9992
2 06909  89.8356 263.5005 0155800 179.0365 181.1129 13.71062639733145
TRANSAT                 
1 10457U 77106A   24198.29036184  .00000097  00000+0  13978-3 0  9991
2 10457  89.6535  96.9231 0023477 235.4310 237.5571 13.48819389298087
NOVA 1                  
1 12458U 81044A   24198.32785211  .00000108  00000+0  23514-3 0  9996
2 12458  89.8658  98.5462 0016220  81.5631  40.8287 13.23178650 83832
NOVA 3                  
1 15362U 84110A   24198.63023977  .00000092  00000+0  20003-3 0  9990
2 15362  90.1154  74.7610 0030604 309.1662 114.5791 13.22949073919012
OSCAR 30                
1 15935U 85066A   24198.23391630  .00000154  00000+0  25840-3 0  9990
2 15935  90.1791  91.2360 0170001  95.1804  18.1528 13.35926719895833
OSCAR 24                
1 15936U 85066B   24198.60391745  .00000133  00000+0  22232-3 0  9998
2 15936  90.1839  83.2247 0170788 100.2872 325.9639 13.35786222897799
POLAR BEAR              
1 17070U 86088A   24198.55836664  .00000153  00000+0  14825-3 0  9993
2 17070  89.6017 204.5182 0037582 229.6843 244.1375 13.75065509889393
OSCAR 27                
1 18361U 87080A   24198.57282241  .00000128  00000+0  19967-3 0  9992
2 18361  90.3592  60.4522 0102154 257.1446 101.8274 13.44744224806462
OSCAR 29                
1 18362U 87080B   24198.63342626  .00000103  00000+0  16039-3 0  9994
2 18362  90.3607  60.8643 0103860 279.2703 133.8445 13.44307275806022
OSCAR 23                
1 19070U 88033A   24198.49322868  .00000124  00000+0  23121-3 0  9993
2 19070  90.3144   0.4990 0190025 170.0029 253.3415 13.27662551754296
OSCAR 32                
1 19071U 88033B   24198.45863079  .00000172  00000+0  32771-3 0  9998
2 19071  90.3148   0.6059 0188833 157.4266 258.4017 13.27836253754404
NOVA 2                  
1 19223U 88052A   24198.59183312  .00000047  00000+0  91113-4 0  9995
2 19223  89.9817  79.1860 0030581 354.0290  66.1186 13.22848212741500
OSCAR 25                
1 19419U 88074A   24198.57266605  .00000139  00000+0  22523-3 0  9991
2 19419  90.0179  18.8016 0094217 273.2788 151.0569 13.42466900757681
OSCAR 31                
1 19420U 88074B   24198.50913546  .00000102  00000+0  16189-3 0  9990
2 19420  90.0194  19.0721 0092459 267.4855 145.5607 13.42454765757511