NOAA 1                  
1 04793U 70106A   24197.74420278 -.00000028  00000+0  94701-4 0  9999
2 04793 101.4442 248.9104 0031026 281.0981 194.8574 12.54029689452768
NOAA 2 (ITOS-D)         
1 06235U 72082A   24197.90141149 -.00000017  00000+0  18748-3 0  9996
2 06235 102.0154 197.2043 0004500  68.3882 351.3124 12.53182490367102
NOAA 3                  
1 06920U 73086A   24197.91700535 -.00000021  00000+0  18580-3 0  9992
2 06920 102.2762 194.1565 0006418 337.1063  91.1201 12.40368543294951
NOAA 4                  
1 07529U 74089A   24197.95084185 -.00000031  00000+0  97701-4 0  9996
2 07529 101.9879 192.4773 0009433  92.9992 294.7474 12.53181522271920
NOAA 5                  
1 09057U 76077A   24197.88708380 -.00000005  00000+0  31010-3 0  9996
2 09057 102.2083 171.2651 0009459 180.5119 235.1839 12.37802296167706
TIROS N                 
1 11060U 78096A   24197.83953647  .00000305  00000+0  16677-3 0  9993
2 11060  98.5303 237.1611 0011639 111.4415 248.8004 14.18849143579275
NOAA 6                  
1 11416U 79057A   24198.05828546  .00000550  00000+0  21034-3 0  9995
2 11416  98.6276 219.2456 0010300 168.5455 191.5966 14.34572364350600
NOAA 7                  
1 12553U 81059A   24198.13185775  .00000129  00000+0  85603-4 0  9997
2 12553  98.8918 257.4804 0012481 110.6211 249.6304 14.17543005225635
NOAA 8                  
1 13923U 83022A   24197.91604797  .00000298  00000+0  13451-3 0  9994
2 13923  98.7302 197.9311 0015536 145.6230 214.5960 14.29275739150878
NOAA 9                  
1 15427U 84123A   24197.84955383  .00000253  00000+0  14997-3 0  9997
2 15427  99.1182 195.9895 0014831 171.3728 253.8073 14.16619746 44105
NOAA 10                 
1 16969U 86073A   24197.92147946  .00000288  00000+0  13200-3 0  9996
2 16969  98.6418 183.5859 0010999 246.2399 175.4241 14.28648349969255
NOAA 11                 
1 19531U 88089A   24198.12651371  .00000145  00000+0  95147-4 0  9991
2 19531  98.5196 159.4183 0011671 146.5486 213.6428 14.15551544848539
NOAA 12                 
1 21263U 91032A   24197.89741049  .00000209  00000+0  10487-3 0  9997
2 21263  98.5584 188.3667 0012517 278.9785  80.9979 14.26336332724970
NOAA 13                 
1 22739U 93050A   24197.88985054  .00000238  00000+0  14924-3 0  9995
2 22739  98.6072 154.3058 0009082 338.6226  21.4567 14.13238316594546
NOAA 14                 
1 23455U 94089A   24197.95306108  .00000133  00000+0  90993-4 0  9994
2 23455  98.4328 192.3649 0008466 304.3081  55.7291 14.14409331524068
NOAA 15                 
1 25338U 98030A   24198.13262118  .00000390  00000+0  17910-3 0  9991
2 25338  98.5672 224.6536 0009302 236.1797 123.8499 14.26628431361561
NOAA 16                 
1 26536U 00055A   24198.17434856  .00000175  00000+0  11471-3 0  9993
2 26536  98.5296 236.4448 0011110 147.6480 212.5377 14.13600392228174
NOAA 17                 
1 27453U 02032A   24198.19560297  .00000367  00000+0  17387-3 0  9995
2 27453  98.7640 148.7731 0010850 220.6462 139.3908 14.25614574147097
NOAA 18                 
1 28654U 05018A   24198.16471990  .00000328  00000+0  19858-3 0  9996
2 28654  98.8739 274.8890 0013732 345.4765  14.6011 14.13253729987351
NOAA 19                 
1 33591U 09005A   24198.19105742  .00000318  00000+0  19496-3 0  9991
2 33591  99.0455 254.2950 0013439 206.6022 153.4461 14.13048292795728
SUOMI NPP               
1 37849U 11061A   24198.15286061  .00000177  00000+0  10475-3 0  9997
2 37849  98.7221 135.6985 0001392 122.6597 237.4714 14.19529705658972
NOAA 20 (JPSS-1)        
1 43013U 17073A   24198.16999237  .00000148  00000+0  90836-4 0  9991
2 43013  98.7065 135.6068 0002102 114.1490 245.9906 14.19543428345011
NOAA 21 (JPSS-2)        
1 54234U 22150A   24198.13519522  .00000181  00000+0  10659-3 0  9993
2 54234  98.7518 135.6905 0001919  75.1210 285.0178 14.19538658 87087
