RADUGA 1                
1 08513U 75123A   24198.59955705  .00000020  00000+0  00000+0 0  9994
2 08513   4.6159 277.7289 0006781 247.8313  51.9406  1.00255464187789
RADUGA 2                
1 09416U 76092A   24197.86432632 -.00000014  00000+0  00000+0 0  9995
2 09416   5.2890 280.0252 0026560  18.5850  16.2428  1.00295343122309
RADUGA 3                
1 10159U 77071A   24198.55440802 -.00000319  00000+0  00000+0 0  9992
2 10159   5.9174 283.0232 0009114 261.1670  57.9614  1.00314937170011
RADUGA 4                
1 10987U 78073A   24197.86101946  .00000129  00000+0  00000+0 0  9998
2 10987   6.5659 287.1033 0008408  18.2003 351.8424  1.00210101112575
RADUGA 5                
1 11343U 79035A   24198.62518225 -.00000161  00000+0  00000+0 0  9998
2 11343   7.0475 290.2508 0006268 196.4902 118.4602  1.00278486122324
RADUGA 6                
1 11708U 80016A   24198.60988302  .00000169  00000+0  00000+0 0  9996
2 11708   7.4373 293.7621 0002591 231.1541  31.2687  1.00279591115139
RADUGA 7                
1 12003U 80081A   24198.53351060  .00000145  00000+0  00000+0 0  9998
2 12003   7.6433 295.9784 0009613 280.4902 106.8831  1.00221854116287
RADUGA 8                
1 12351U 81027A   24198.06411135 -.00000010  00000+0  00000+0 0  9995
2 12351   7.9837 296.4233 0080978 250.7257 124.5184  1.00354961115514
RADUGA 9                
1 12618U 81069A   24197.92917860  .00000175  00000+0  00000+0 0  9998
2 12618   8.2409 299.8735 0004212 175.9851 188.5807  1.00253079 40313
RADUGA 10               
1 12897U 81102A   24198.36694618 -.00000104  00000+0  00000+0 0  9990
2 12897   8.3411 300.9838 0005467 205.5862 358.7446  1.00294855110314
RADUGA 11               
1 13669U 82113A   24198.47225608 -.00000048  00000+0  00000+0 0  9999
2 13669  10.5969 316.0358 0039755 273.2683  95.3063  0.97708589114693
RADUGA 12               
1 13974U 83028A   24197.86345609  .00000022  00000+0  00000+0 0  9991
2 13974   9.6497 311.5416 0001724 155.8985 202.6520  1.00270706162343
RADUGA 13               
1 14307U 83088A   24198.00070598 -.00000047  00000+0  00000+0 0  9995
2 14307  10.8852 317.5027 0015559  59.7972 313.2692  0.98173887112067
RADUGA 14               
1 14725U 84016A   24197.84493684 -.00000167  00000+0  00000+0 0  9990
2 14725   9.9354 315.6613 0005247 162.6364 204.5332  1.00287796111071
RADUGA 15               
1 15057U 84063A   24197.99809531  .00000147  00000+0  00000+0 0  9996
2 15057  10.0772 316.6661 0005820 186.0276 173.4571  1.00308637134050
RADUGA 16               
1 15946U 85070A   24198.22041567 -.00000207  00000+0  00000+0 0  9994
2 15946  10.6453 321.5194 0002669 199.6839 182.0561  1.00261455115205
RADUGA 17               
1 16250U 85107A   24198.06506859 -.00000016  00000+0  00000+0 0  9994
2 16250  10.8021 323.0122 0015435 204.1610 149.9858  1.00180881144643
RADUGA 18               
1 16497U 86007A   24198.53211824 -.00000126  00000+0  00000+0 0  9996
2 16497  11.6591 325.8268 0074959 183.4774 166.0120  0.98814719138931
RADUGA 19               
1 17046U 86082A   24197.63462616 -.00000191  00000+0  00000+0 0  9999
2 17046  12.1914 329.9272 0014334 171.2995  15.4217  0.98462271136000
RADUGA 20               
1 17611U 87028A   24198.33396458 -.00000074  00000+0  00000+0 0  9996
2 17611  14.2720 333.2742 0030950 156.5800 197.4124  0.95960812131586
RADUGA 21               
1 18631U 87100A   24198.31308163 -.00000262  00000+0  00000+0 0  9993
2 18631  12.3122 330.3330 0003300 167.1919 199.9911  1.00208042134067
RADUGA 22               
1 19596U 88095A   24198.50125741  .00000145  00000+0  00000+0 0  9997
2 19596  12.4248 334.9349 0008509 170.0739   4.2095  1.00349349114624
RADUGA 23               
1 19928U 89030A   24198.61019321  .00000139  00000+0  00000+0 0  9997
2 19928  12.6199 336.7792 0022689 183.2751  34.9317  1.00215919127825
RADUGA-1 1              
1 20083U 89048A   24198.53103850 -.00000237  00000+0  00000+0 0  9992
2 20083  13.4569 339.9600 0022257 136.5982 146.9531  0.98710702124353
RADUGA 24               
1 20367U 89098A   24198.54784480 -.00000255  00000+0  00000+0 0  9997
2 20367  13.2610 338.8524 0002656 198.5729  48.6479  1.00221404125949
RADUGA 25               
1 20499U 90016A   24198.49141286 -.00000009  00000+0  00000+0 0  9997
2 20499  13.0570 339.6302 0006579 174.5379 195.9477  1.00376034125881
RADUGA 26               
1 21016U 90112A   24198.50517344  .00000076  00000+0  00000+0 0  9997
2 21016  13.4660 342.8966 0006512 122.8959  64.7725  1.00287109123230
RADUGA-1 2              
1 21038U 90116A   24198.50630472  .00000045  00000+0  00000+0 0  9999
2 21038  13.5051 342.9473 0007887 130.9912  62.8811  1.00226338 40317
RADUGA 27               
1 21132U 91014A   24198.62442885 -.00000278  00000+0  00000+0 0  9993
2 21132  13.9940 342.1907 0003489 143.6645 131.7807  1.00179578122286
RADUGA 28               
1 21821U 91087A   24198.46951451 -.00000359  00000+0  00000+0 0  9994
2 21821  13.8886 346.1762 0008140 154.8889  73.8215  1.00318478119295
RADUGA 29               
1 22557U 93013A   24198.50682687  .00000032  00000+0  00000+0 0  9996
2 22557  14.2218 350.3285 0007438 145.3187  44.0593  1.00163790114657
RADUGA 30               
1 22836U 93062A   24198.43860648 -.00000131  00000+0  00000+0 0  9998
2 22836  14.3333 352.3487 0001081 277.0385 261.8426  1.00261245 38971
RADUGA-1 3              
1 22981U 94008A   24198.62389088 -.00000305  00000+0  00000+0 0  9998
2 22981  14.4500 353.4675 0004282 147.5385 117.2314  1.00295857111458
RADUGA 31               
1 23010U 94012A   24198.57467233  .00000120  00000+0  00000+0 0  9994
2 23010  14.4167 353.4779 0005114 135.8774  56.2466  1.00271327111325
RADUGA 32               
1 23448U 94087A   24198.43860648 -.00000132  00000+0  00000+0 0  9997
2 23448  14.4920 356.2264 0006804 219.4284 315.5093  1.00263943125854
RADUGA-1 4              
1 25642U 99010A   24198.57597766  .00000096  00000+0  00000+0 0  9997
2 25642  15.4402   7.4277 0002559 233.0096 312.1352  1.00210132 92927
RADUGA-1 5              
1 26477U 00049A   24198.57693491  .00000070  00000+0  00000+0 0  9992
2 26477  13.5622  13.1333 0004475  98.4239  86.7433  1.00220327 87391
RADUGA-1 6              
1 26936U 01045A   24197.64352747 -.00000080  00000+0  00000+0 0  9994
2 26936  13.9506  19.6477 0018391 183.3725   1.6299  0.97744468 81743
RADUGA-1 7              
1 28194U 04010A   24198.57693491  .00000058  00000+0  00000+0 0  9998
2 28194  12.8599  26.1733 0003837 190.5588 340.3737  1.00369990 74396
RADUGA-1M 1             
1 32373U 07058A   24198.48602845 -.00000251  00000+0  00000+0 0  9996
2 32373   8.5982  58.1897 0002994  52.1982 316.7782  0.99398817 45435
RADUGA-1 8              
1 34264U 09010A   24197.33455185 -.00000274  00000+0  00000+0 0  9998
2 34264  10.7269  48.0118 0012073  20.5755 305.6768  0.99827938 56163
RADUGA-1M 2             
1 36358U 10002A   24198.58297458 -.00000168  00000+0  00000+0 0  9994
2 36358   1.7954  88.1254 0001635  28.4660 113.2164  1.00271336 43066
RADUGA-1M 3             
1 39375U 13062A   24198.28682566  .00000169  00000+0  00000+0 0  9990
2 39375   4.1648  80.9298 0003874 245.3000 106.6331  1.00273394 39072