SARSAT 7 (NOAA 15)      
1 25338U 98030A   24198.13262118  .00000390  00000+0  17910-3 0  9991
2 25338  98.5672 224.6536 0009302 236.1797 123.8499 14.26628431361561
GPS BIIR-08             
1 27663U 03005A   24197.12325059  .00000056  00000+0  00000+0 0  9991
2 27663  55.0939 242.8839 0136406  47.4149 323.3317  2.00573338157233
GPS BIIR-11             
1 28190U 04009A   24197.39313448 -.00000068  00000+0  00000+0 0  9994
2 28190  55.4293 303.9143 0098443 149.6951 213.6678  2.00558597148878
GPS BIIR-13             
1 28474U 04045A   24197.81488690 -.00000082  00000+0  00000+0 0  9994
2 28474  55.4229 353.0648 0161906 293.1483  60.3300  2.00561576144357
SARSAT 10 (NOAA 18)     
1 28654U 05018A   24198.16471990  .00000328  00000+0  19858-3 0  9996
2 28654  98.8739 274.8890 0013732 345.4765  14.6011 14.13253729987351
GPS BIIR-14M            
1 28874U 05038A   24197.29365531 -.00000065  00000+0  00000+0 0  9992
2 28874  55.4751 301.3807 0136541 284.3010  30.8146  2.00553574137754
METEOSAT-9 (MSG-2)      
1 28912U 05049B   24197.78800392  .00000136  00000+0  00000+0 0  9998
2 28912   7.7494  60.6285 0002034   5.1065 197.8203  1.00277513 68019
GOES 13                 
1 29155U 06018A   24197.90631819 -.00000132  00000+0  00000+0 0  9992
2 29155   2.6981  84.9686 0077272 256.0098  29.4646  0.99048781 36316
GPS BIIR-16M            
1 29601U 06052A   24197.41868990  .00000062  00000+0  00000+0 0  9995
2 29601  55.1254 241.8517 0084471  83.3581 277.6811  2.00569458129331
GPS BIIR-17M            
1 32260U 07047A   24197.72105882 -.00000029  00000+0  00000+0 0  9997
2 32260  53.6204 109.0680 0156455  75.9195 285.8261  2.00562583122740
GPS BIIR-18M            
1 32384U 07062A   24197.78158178 -.00000063  00000+0  00000+0 0  9991
2 32384  55.6148 302.2277 0028936 153.7992  19.3405  2.00576526121445
SARSAT 12 (NOAA 19)     
1 33591U 09005A   24198.19105742  .00000318  00000+0  19496-3 0  9991
2 33591  99.0455 254.2950 0013439 206.6022 153.4461 14.13048292795728
GOES 14                 
1 35491U 09033A   24197.61426286 -.00000048  00000+0  00000+0 0  9996
2 35491   0.4036 101.4325 0003961   9.4727 295.6879  1.00272690 55071
GOES 15                 
1 36411U 10008A   24197.86267289  .00000057  00000+0  00000+0 0  9995
2 36411   0.3768  88.9744 0003084 102.5565 114.3720  1.00272416 52604
GSAT0101 (GALILEO-PFM)  
1 37846U 11060A   24197.87932311 -.00000074  00000+0  00000+0 0  9993
2 37846  57.1299   0.7579 0002869  61.5825 298.4590  1.70475999 79164
GSAT0102 (GALILEO-FM2)  
1 37847U 11060B   24197.81833215 -.00000074  00000+0  00000+0 0  9991
2 37847  57.1306   0.7596 0002302  16.1148 352.1259  1.70475474 79178
LUCH 5A                 
1 37951U 11074B   24197.95485933 -.00000037  00000+0  00000+0 0  9996
2 37951   6.9565  84.5282 0004450  33.4440 327.0117  1.00270242 46164
METEOSAT-10 (MSG-3)     
1 38552U 12035B   24197.77895358  .00000009  00000+0  00000+0 0  9996
2 38552   3.0273  61.1839 0000386 337.4628 175.8805  1.00272485 43828
SARSAT 13 (METOP-B)     
1 38771U 12049A   24198.17390647 -.00000053  00000+0 -46388-5 0  9996
2 38771  98.6264 254.7437 0001272  81.2079 278.9243 14.21447765613662
GPS BIIF-3              
1 38833U 12053A   24197.81837925  .00000081  00000+0  00000+0 0  9999
2 38833  53.5195 172.2994 0153238  56.1551 305.2816  2.00559143 85371
GSAT0103 (GALILEO-FM3)  
1 38857U 12055A   24194.39907734 -.00000001  00000+0  00000+0 0  9996
2 38857  55.4166 120.9130 0004322 282.9880  76.9571  1.70473711 72997
GPS BIIF-4              
1 39166U 13023A   24196.18538155 -.00000066  00000+0  00000+0 0  9993
2 39166  55.0885 297.4947 0123768  45.0140 316.0147  2.00562781 81788
INSAT-3D                
1 39216U 13038B   24197.90089166 -.00000333  00000+0  00000+0 0  9996
2 39216   0.1067  96.2602 0001002  68.9638 197.2404  1.00567225 40048
GPS BIIF-5              
1 39533U 14008A   24198.17926990  .00000088  00000+0  00000+0 0  9997
2 39533  53.6021 177.8863 0073403 221.1050 138.3356  2.00570202 76178
LUCH 5V                 
1 39727U 14023A   24197.89129420 -.00000254  00000+0  00000+0 0  9996
2 39727   3.3657  75.8499 0002317  84.7036 189.2860  1.00272855 37326
GPS BIIF-6              
1 39741U 14026A   24197.46000755 -.00000077  00000+0  00000+0 0  9990
2 39741  56.7094 358.7727 0030861 316.0584  43.7111  2.00566434 74469
GPS BIIF-7              
1 40105U 14045A   24198.05162909 -.00000019  00000+0  00000+0 0  9999
2 40105  54.9420 116.4555 0026581 114.8058 245.4743  2.00568371 72901
GSAT0201 (GALILEO 5)    
1 40128U 14050A   24197.65399048 -.00000083  00000+0  00000+0 0  9992
2 40128  49.6302 301.9206 1612249 152.3713 217.2492  1.85519572 65303
GSAT0202 (GALILEO 6)    
1 40129U 14050B   24194.13925057 -.00000097  00000+0  00000+0 0  9993
2 40129  49.6506 301.1390 1611069 153.0333 216.3723  1.85520251 67373
GPS BIIF-8              
1 40294U 14068A   24197.92531301 -.00000053  00000+0  00000+0 0  9992
2 40294  56.4451  58.1189 0054671  63.3430 297.2829  2.00561743 71140
GLONASS-K 2             
1 40315U 14075A   24196.35025799  .00000101  00000+0  00000+0 0  9992
2 40315  63.6223 214.7315 0021040 211.5328 148.3953  2.13101570 74878
GPS BIIF-9              
1 40534U 15013A   24197.05836837  .00000071  00000+0  00000+0 0  9995
2 40534  53.3347 233.2421 0088307  29.7621 330.8100  2.00563919 67747
GSAT0203 (GALILEO 7)    
1 40544U 15017A   24197.07194515 -.00000077  00000+0  00000+0 0  9999
2 40544  56.9303   0.7099 0001848 238.4221 121.5721  1.70476272 57235
GSAT0204 (GALILEO 8)    
1 40545U 15017B   24196.15303684 -.00000080  00000+0  00000+0 0  9991
2 40545  56.9312   0.7504 0002186 209.4174 150.5816  1.70475836 20263
GPS BIIF-10             
1 40730U 15033A   24198.21736415 -.00000051  00000+0  00000+0 0  9994
2 40730  54.5698 295.8717 0094178  19.7791 340.6200  2.00565560 65954
METEOSAT-11 (MSG-4)     
1 40732U 15034A   24197.78078105  .00000079  00000+0  00000+0 0  9992
2 40732   1.4529  69.7242 0001300 163.5375 351.1171  1.00271710 32972
GSAT0205 (GALILEO 9)    
1 40889U 15045A   24195.92121326  .00000049  00000+0  00000+0 0  9992
2 40889  55.2058 241.0313 0002835 356.2766   3.8013  1.70473740 55023
GSAT0206 (GALILEO 10)   
1 40890U 15045B   24197.31504443  .00000059  00000+0  00000+0 0  9995
2 40890  55.2042 240.9882 0001304 332.5951  27.4827  1.70473917 55076
GPS BIIF-11             
1 41019U 15062A   24197.77836990 -.00000054  00000+0  00000+0 0  9999
2 41019  56.4249  57.9780 0095788 224.7158 134.5722  2.00562701 63768
ELEKTRO-L 2             
1 41105U 15074A   24198.06228387 -.00000103  00000+0  00000+0 0  9991
2 41105   4.9126  79.1301 0001129 133.4902  89.6405  1.00270513 31488
GSAT0209 (GALILEO 12)   
1 41174U 15079A   24196.89819156 -.00000001  00000+0  00000+0 0  9998
2 41174  55.4364 120.5540 0004455 325.2145  34.7490  1.70473921 52809
GSAT0208 (GALILEO 11)   
1 41175U 15079B   24194.18504272 -.00000001  00000+0  00000+0 0  9999
2 41175  55.4339 120.6263 0003840 325.2539  34.7144  1.70473924 53179
GPS BIIF-12             
1 41328U 16007A   24197.36021327 -.00000016  00000+0  00000+0 0  9995
2 41328  55.1353 117.3315 0079935 238.8969 120.3210  2.00560601 61760
GSAT0211 (GALILEO 14)   
1 41549U 16030A   24196.06756659  .00000050  00000+0  00000+0 0  9992
2 41549  55.3530 241.0369 0003716 299.6002  60.4433  1.70473864 50685
GSAT0210 (GALILEO 13)   
1 41550U 16030B   24184.04059950  .00000038  00000+0  00000+0 0  9995
2 41550  55.3575 241.3690 0003090 263.9154  96.1363  1.70473957 50459
INSAT-3DR               
1 41752U 16054A   24197.79368249 -.00000059  00000+0  00000+0 0  9999
2 41752   0.0784  92.1564 0010251 173.1962  28.4812  1.00271794 28786
GSAT0207 (GALILEO 15)   
1 41859U 16069A   24195.43207422 -.00000001  00000+0  00000+0 0  9994
2 41859  55.1009 120.5894 0004200 315.5482  44.4122  1.70473826 47402
GSAT0212 (GALILEO 16)   
1 41860U 16069B   24196.45948254 -.00000001  00000+0  00000+0 0  9994
2 41860  55.0986 120.5571 0003492 339.0439  20.9349  1.70474102 47671
GSAT0213 (GALILEO 17)   
1 41861U 16069C   24195.06831698 -.00000001  00000+0  00000+0 0  9994
2 41861  55.1004 120.6024 0004395 291.4154  68.5318  1.70473366 47514
GSAT0214 (GALILEO 18)   
1 41862U 16069D   24196.38664217 -.00000001  00000+0  00000+0 0  9992
2 41862  55.0995 120.5594 0003532 295.9904  63.9665  1.70474029 47665
GOES 16                 
1 41866U 16071A   24197.76392597 -.00000230  00000+0  00000+0 0  9995
2 41866   0.0808 252.4896 0000511 206.6395  34.7755  1.00272158 28071
GSAT-17                 
1 42815U 17040B   24198.16577023 -.00000239  00000+0  00000+0 0  9990
2 42815   0.0497 265.3805 0001194   7.7952 174.4915  1.00271945 25845
GSAT0215 (GALILEO 19)   
1 43055U 17079A   24197.46283166  .00000061  00000+0  00000+0 0  9995
2 43055  55.3297 240.8197 0003501 258.4074 101.6386  1.70474561 41027
GSAT0216 (GALILEO 20)   
1 43056U 17079B   24196.58133874  .00000054  00000+0  00000+0 0  9990
2 43056  55.3287 240.8444 0006406 269.8680  90.1405  1.70474555 40990
GSAT0217 (GALILEO 21)   
1 43057U 17079C   24195.62864786  .00000047  00000+0  00000+0 0  9990
2 43057  55.3328 240.8692 0002227 290.1298  69.9256  1.70474404 40992
GSAT0218 (GALILEO 22)   
1 43058U 17079D   24195.26212424  .00000044  00000+0  00000+0 0  9994
2 43058  55.3290 240.8766 0004926 265.9116  94.1109  1.70474687 41014
GOES 17                 
1 43226U 18022A   24197.68658611 -.00000072  00000+0  00000+0 0  9992
2 43226   0.0168 264.6707 0001305 242.1057 289.6941  1.00272704 23384
GSAT0221 (GALILEO 25)   
1 43564U 18060A   24196.33618500 -.00000078  00000+0  00000+0 0  9999
2 43564  57.3052   0.7371 0001945 280.8515  79.1381  1.70476107 37183
GSAT0222 (GALILEO 26)   
1 43565U 18060B   24191.86205334 -.00000094  00000+0  00000+0 0  9998
2 43565  57.3086   0.8592 0001995 214.1629 145.8283  1.70475854 37155
GSAT0219 (GALILEO 23)   
1 43566U 18060C   24195.60341359 -.00000081  00000+0  00000+0 0  9999
2 43566  57.3087   0.7605 0001243 311.6176  48.3821  1.70476158 37183
GSAT0220 (GALILEO 24)   
1 43567U 18060D   24194.06428442 -.00000087  00000+0  00000+0 0  9994
2 43567  57.3077   0.8021 0001350 295.5397  64.4540  1.70476157 37153
BEIDOU-3 M13            
1 43622U 18072A   24197.19983019 -.00000052  00000+0  00000+0 0  9994
2 43622  56.0135  85.9453 0006156 312.7224  47.2737  1.86231653 39582
BEIDOU-3 M14            
1 43623U 18072B   24198.13919436 -.00000049  00000+0  00000+0 0  9998
2 43623  56.0163  85.9070 0004816 347.0098  13.0266  1.86231557 39592
GPS BIII-1              
1 43873U 18109A   24198.02526211 -.00000014  00000+0  00000+0 0  9991
2 43873  55.3070 119.8893 0029410 194.2942 176.9827  2.00557431 40969
METEOR-M2 2             
1 44387U 19038A   24198.17172641  .00000108  00000+0  66993-4 0  9995
2 44387  98.8282 167.5118 0000588 172.5520 187.5667 14.23901816261517
GPS BIII-2              
1 44506U 19056A   24194.89130399 -.00000089  00000+0  00000+0 0  9998
2 44506  55.8409 359.0677 0043844 188.5157 342.8563  2.00572374 35949
BEIDOU-3 M23            
1 44542U 19061A   24197.44227746  .00000115  00000+0  00000+0 0  9990
2 44542  54.4421 206.4037 0008046 341.5878  18.4233  1.86229360 32729
BEIDOU-3 M24            
1 44543U 19061B   24197.57844378  .00000116  00000+0  00000+0 0  9992
2 44543  54.4403 206.3680 0005665 320.9462  42.7759  1.86231892 32734
BEIDOU-3 M21            
1 44793U 19078A   24197.82494986 -.00000090  00000+0  00000+0 0  9993
2 44793  54.5414 324.3709 0005428  32.9877 327.0518  1.86232313 31587
BEIDOU-3 M22            
1 44794U 19078B   24197.41771925 -.00000092  00000+0  00000+0 0  9992
2 44794  54.5153 324.3604 0003287  30.7797 329.2455  1.86232778 31589
ELEKTRO-L 3             
1 44903U 19095A   24198.15183126 -.00000078  00000+0  00000+0 0  9999
2 44903   0.0851 134.3970 0000608  17.8195 272.9445  1.00271295 16667
GPS BIII-3              
1 45854U 20041A   24197.47856846 -.00000057  00000+0  00000+0 0  9995
2 45854  56.1459  56.3160 0044473 192.9557 341.4922  2.00573360 29966
COSMOS 2547             
1 46805U 20075A   24196.46027941  .00000102  00000+0  00000+0 0  9993
2 46805  64.6007 215.9596 0009011 241.8706 118.0952  2.13103116 28930
GPS BIII-4              
1 46826U 20078A   24196.50535400  .00000054  00000+0  00000+0 0  9994
2 46826  54.1706 239.2986 0047618 197.9607 331.7167  2.00560381 27412
GSAT0223 (GALILEO 27)   
1 49809U 21116A   24196.87958988 -.00000077  00000+0  00000+0 0  9998
2 49809  57.2983   0.6209 0002379 162.3828 215.8742  1.70476249 16213
GSAT0224 (GALILEO 28)   
1 49810U 21116B   24197.86369237 -.00000074  00000+0  00000+0 0  9990
2 49810  57.2990   0.5930 0002185 146.0653 228.6670  1.70476255 16256
GOES 18                 
1 51850U 22021A   24198.24456002  .00000115  00000+0  00000+0 0  9998
2 51850   0.0339 194.2136 0000509 269.6109 141.7720  1.00271317  8775
METEOR-M2 3             
1 57166U 23091A   24198.20691811  .00000047  00000+0  39614-4 0  9999
2 57166  98.7111 252.6182 0004850  56.5091 303.6550 14.23904632 54750
METEOR-M2 4             
1 59051U 24039A   24198.19000934  .00000084  00000+0  57314-4 0  9993
2 59051  98.5990 159.3717 0007973  47.1800 313.0047 14.22238892 19617
