AMC-3                   
1 24936U 97050A   24198.55161132 -.00000249  00000+0  00000+0 0  9997
2 24936   6.4175  71.8715 0002970  39.9208 309.6579  1.00272436 45404
ASTRA 2A                
1 25462U 98050A   24197.79037563  .00000081  00000+0  00000+0 0  9991
2 25462   5.3169  77.1476 0003403  31.1982 167.4919  1.00273095 39300
NSS-11                  
1 26554U 00059A   24198.55466008  .00000043  00000+0  00000+0 0  9999
2 26554   0.3067  88.6769 0003095  27.1413 194.7308  1.00272958 34260
AMC-6                   
1 26580U 00067A   24198.53847090  .00000123  00000+0  00000+0 0  9998
2 26580   0.0139  41.2286 0003189  95.1885 213.2884  1.00272418 86867
AMC-11                  
1 28252U 04017A   24198.54395332 -.00000031  00000+0  00000+0 0  9992
2 28252   0.0395 303.2591 0001294 163.9153 272.4296  1.00271478 73849
AMC-15                  
1 28446U 04041A   24198.50798699 -.00000070  00000+0  00000+0 0  9996
2 28446   0.0509 289.5699 0002447 175.8216 267.2666  1.00271128 72281
NSS-10                  
1 28526U 05003A   24198.05775869 -.00000237  00000+0  00000+0 0  9993
2 28526   4.6862  78.8667 0003034  30.0426 168.8114  1.00271205 46128
ASTRA 1KR               
1 29055U 06012A   24197.35341852  .00000137  00000+0  00000+0 0  9993
2 29055   0.0649 275.8696 0002666 243.4610 280.7948  1.00269107 38684
ASTRA 1L                
1 31306U 07016A   24197.63967347  .00000138  00000+0  00000+0 0  9995
2 31306   0.0786 304.4983 0001037 130.4307 108.5183  1.00270339 37962
ASTRA 4A                
1 32299U 07057A   24198.56701434  .00000051  00000+0  00000+0 0  9992
2 32299   0.0129  38.4201 0003165  61.7382  43.6574  1.00271298 44635
AMC-21                  
1 33275U 08038B   24198.54125563  .00000054  00000+0  00000+0 0  9991
2 33275   1.1297  89.5884 0002725  25.8826 249.3356  1.00271431 58465
ASTRA 1M                
1 33436U 08057A   24197.35341852  .00000138  00000+0  00000+0 0  9993
2 33436   0.0324  77.0461 0005739  47.5682 315.4902  1.00272018 38692
NSS-9                   
1 33749U 09008A   24198.53081292  .00000090  00000+0  00000+0 0  9994
2 33749   0.0265 320.7844 0002257 146.8441 201.3823  1.00272504 56497
SES-7 (PROTOSTAR 2)     
1 34941U 09027A   24198.01515175 -.00000327  00000+0  00000+0 0  9999
2 34941   0.0179  47.1620 0000315 125.3104 235.5773  1.00271086 55585
NSS-12                  
1 36032U 09058A   24198.50552152  .00000089  00000+0  00000+0 0  9990
2 36032   0.0661 278.8858 0003658 195.1772  59.7532  1.00273439 53894
SES-1                   
1 36516U 10016A   24197.68736932 -.00000096  00000+0  00000+0 0  9990
2 36516   0.0448 289.2598 0002743 176.5870 334.6157  1.00272540 52009
ASTRA 3B                
1 36581U 10021A   24197.71208375  .00000155  00000+0  00000+0 0  9992
2 36581   0.0175  10.1148 0004181 104.5845  99.1655  1.00272965 51849
SES-3                   
1 37748U 11035A   24198.50957333 -.00000083  00000+0  00000+0 0  9998
2 37748   0.0386 306.2583 0002968 165.6309 263.3862  1.00273123 47561
ASTRA 1N                
1 37775U 11041A   24197.71121352  .00000138  00000+0  00000+0 0  9991
2 37775   0.0519 356.1171 0005076  90.9199 122.2369  1.00272123 37491
SES-2                   
1 37809U 11049A   24198.54873958 -.00000177  00000+0  00000+0 0  9999
2 37809   0.0373 296.3137 0002667 176.7831 292.3183  1.00271960 46933
QUETZSAT 1              
1 37826U 11054A   24198.19301625 -.00000223  00000+0  00000+0 0  9994
2 37826   0.0179  50.3480 0002743  62.1360 174.5112  1.00270167 42853
SES-4                   
1 38087U 12007A   24198.34701799 -.00000150  00000+0  00000+0 0  9995
2 38087   0.0194  73.6364 0002398  44.8937 279.0539  1.00270117 45191
SES-5                   
1 38652U 12036A   24198.56692730  .00000052  00000+0  00000+0 0  9993
2 38652   0.0746 290.4394 0002217 181.5013  32.0166  1.00271564 37469
ASTRA 2F                
1 38778U 12051A   24197.99146498  .00000168  00000+0  00000+0 0  9998
2 38778   0.0936 255.7739 0002329 273.4741 150.1924  1.00269685 34090
SES-6                   
1 39172U 13026A   24198.48646356 -.00000243  00000+0  00000+0 0  9998
2 39172   0.0243 332.8121 0001879 137.7843 318.8236  1.00272118 40693
O3B FM5                 
1 39188U 13031A   24197.46199204 -.00000014  00000+0  00000+0 0  9999
2 39188   0.0639  10.9809 0002614  98.6079 250.4394  5.00115085201935
O3B FM4                 
1 39189U 13031B   24198.31703748 -.00000013  00000+0  00000+0 0  9998
2 39189   0.0493 346.6583 0002632 123.3196 250.0507  5.00115031201997
O3B FM2                 
1 39190U 13031C   24197.60940509 -.00000014  00000+0  00000+0 0  9990
2 39190   0.0489 340.7288 0002564 131.4091 247.8894  5.00115583202018
O3B PFM                 
1 39191U 13031D   24195.43602155 -.00000017  00000+0  00000+0 0  9995
2 39191   0.0568   5.8129 0002610 106.5885 247.6253  5.00116205201463
ASTRA 2E                
1 39285U 13056A   24198.62785193  .00000168  00000+0  00000+0 0  9990
2 39285   0.0643 332.7619 0002622 137.5672  79.1061  1.00268959 39406
SES-8                   
1 39460U 13071A   24198.55193229 -.00000251  00000+0  00000+0 0  9991
2 39460   0.0463 258.9876 0002983 201.4250 128.1501  1.00271339 37406
ASTRA 5B                
1 39617U 14011B   24197.82479998  .00000155  00000+0  00000+0 0  9991
2 39617   0.0546 321.5016 0002238 163.3665 129.7071  1.00273728 37834
O3B FM3                 
1 40079U 14038A   24197.48951759 -.00000014  00000+0  00000+0 0  9991
2 40079   0.0528 354.5135 0004430 146.9118 218.6064  5.00114697177942
O3B FM7                 
1 40080U 14038B   24195.63697622 -.00000017  00000+0  00000+0 0  9997
2 40080   0.0547 350.2792 0001913  75.1897 294.5502  5.00116265182687
O3B FM6                 
1 40081U 14038C   24197.66297909 -.00000014  00000+0  00000+0 0  9994
2 40081   0.0518 354.0021 0002616 120.9180 245.1072  5.00115457182729
O3B FM8                 
1 40082U 14038D   24196.91691650 -.00000015  00000+0  00000+0 0  9994
2 40082   0.0524 353.1541 0002785 119.0815 247.7937  5.00115504182816
O3B FM10                
1 40348U 14083A   24197.54303258 -.00000014  00000+0  00000+0 0  9992
2 40348   0.0521   4.0875 0002629 109.9971 245.9430  5.00115604174795
O3B FM11                
1 40349U 14083B   24197.55624115 -.00000014  00000+0  00000+0 0  9992
2 40349   0.0565   2.2686 0002283 114.2081 243.5467  5.00115686174818
O3B FM12                
1 40350U 14083C   24197.18375637 -.00000015  00000+0  00000+0 0  9996
2 40350   0.0557   1.7662 0002489 113.4759 244.7836  5.00115735174807
O3B FM9                 
1 40351U 14083D   24197.41030969 -.00000014  00000+0  00000+0 0  9998
2 40351   0.0577   2.2365 0002570 109.8120 247.9787  5.00116061174968
ASTRA 2G                
1 40364U 14089A   24197.71304101  .00000168  00000+0  00000+0 0  9992
2 40364   0.0564 322.2552 0004382 122.3907 134.3012  1.00276384 34930
SES-9                   
1 41380U 16013A   24198.15118878 -.00000327  00000+0  00000+0 0  9991
2 41380   0.0449 281.4832 0002525 174.2557   1.4533  1.00272183 30416
SES-10                  
1 42432U 17017A   24197.55098638 -.00000254  00000+0  00000+0 0  9998
2 42432   0.0180  51.4567 0002603  50.5418 323.3363  1.00269260 26702
SES-15                  
1 42709U 17026A   24198.54029837  .00000078  00000+0  00000+0 0  9993
2 42709   0.0189  37.6452 0000505  60.6169 261.9623  1.00268474   413
SES-11 (ECHOSTAR 105)   
1 42967U 17063A   24198.50798701 -.00000071  00000+0  00000+0 0  9993
2 42967   0.0093  13.7275 0002443 104.4647 254.5622  1.00271596 24694
SES-14                  
1 43175U 18012B   24197.69798608 -.00000260  00000+0  00000+0 0  9995
2 43175   0.0131 350.6020 0001206 116.2212  30.9805  1.00272392 24015
O3B FM15                
1 43231U 18024A   24197.47666017 -.00000014  00000+0  00000+0 0  9992
2 43231   0.0490   6.0952 0002699 112.2332 241.6989  5.00114986115921
O3B FM16                
1 43232U 18024B   24197.52939299 -.00000014  00000+0  00000+0 0  9994
2 43232   0.0461   9.7125 0002642 106.6471 243.6675  5.00115376115840
O3B FM14                
1 43233U 18024C   24196.17049974 -.00000016  00000+0  00000+0 0  9999
2 43233   0.0445   9.4163 0002824 101.0598 249.5536  5.00114922115783
O3B FM13                
1 43234U 18024D   24197.62315203 -.00000014  00000+0  00000+0 0  9990
2 43234   0.0621 357.3879 0002542 131.4731 231.1617  5.00115337115971
SES-12                  
1 43488U 18049A   24198.55193229 -.00000251  00000+0  00000+0 0  9996
2 43488   0.0114  10.2811 0000605 219.5194 358.7480  1.00269644 22393
O3B FM20                
1 44112U 19020A   24194.19772034 -.00000020  00000+0  00000+0 0  9998
2 44112   0.0515   3.7083 0002344 112.4451 243.8689  5.00116015 96304
O3B FM19                
1 44113U 19020B   24195.42435933 -.00000017  00000+0  00000+0 0  9996
2 44113   0.0776 358.9887 0002458  86.0369 275.0016  5.00115333 96236
O3B FM17                
1 44114U 19020C   24189.10750853 -.00000028  00000+0  00000+0 0  9998
2 44114   0.0343 350.7706 0002672 119.7327 249.5217  5.00117362 96001
O3B FM18                
1 44115U 19020D   24191.25277752 -.00000026  00000+0  00000+0 0  9998
2 44115   0.0517   4.2497 0002802 104.0689 251.7086  5.00116315 96237
SES-17                  
1 49332U 21095A   24197.90879490 -.00000253  00000+0  00000+0 0  9996
2 49332   0.0123  43.3500 0001198  64.7473  86.1987  1.00269363 10813
SES-22                  
1 52933U 22071A   24198.47355389  .00000123  00000+0  00000+0 0  9996
2 52933   0.0531 268.0098 0000400 231.1659 187.1007  1.00273019   486
SES-20                  
1 53960U 22123A   24197.90157201 -.00000083  00000+0  00000+0 0  9991
2 53960   0.0141  53.3833 0002150  38.6824  63.6301  1.00272029  6519
SES-21                  
1 53961U 22123B   24197.99493855  .00000088  00000+0  00000+0 0  9993
2 53961   0.0335  34.5918 0000948  86.6143  40.3636  1.00268183   197
O3B MPOWER F1           
1 54755U 22174A   24195.54513201 -.00000017  00000+0  00000+0 0  9991
2 54755   0.0599 350.9381 0006820 119.2113 281.9838  5.00114142 30150
O3B MPOWER F2           
1 54756U 22174B   24198.25911814 -.00000013  00000+0  00000+0 0  9991
2 54756   0.0575 347.3625 0005512 130.8680 241.8254  5.00114357 30370
SES-18                  
1 55970U 23038A   24198.19563209 -.00000082  00000+0  00000+0 0  9990
2 55970   0.0588 260.2960 0001073 252.1552 109.3835  1.00271836  5076
SES-19                  
1 55971U 23038B   24198.53925410  .00000106  00000+0  00000+0 0  9991
2 55971   0.0073  20.2253 0001939  96.8012 237.0417  1.00272703  5046
O3B MPOWER F4           
1 56367U 23059A   24198.35942862 -.00000013  00000+0  00000+0 0  9992
2 56367   0.0631   6.3191 0007061  98.0355 255.7240  5.00113861 23547
O3B MPOWER F3           
1 56368U 23059B   24198.02655609 -.00000014  00000+0  00000+0 0  9998
2 56368   0.0633   7.7220 0005732 112.6138 239.7210  5.00115556 19652
O3B MPOWER F5           
1 58346U 23175A   24198.29296272 -.00000013  00000+0  00000+0 0  9990
2 58346   0.0419  12.6899 0006848 112.6582 234.7161  5.00112308 14377
O3B MPOWER F6           
1 58347U 23175B   24198.19288146 -.00000014  00000+0  00000+0 0  9992
2 58347   0.0492   8.2069 0004925 120.9140 230.9231  5.00114002 13283
ASTRA 1P                
1 60086U 24115A   24194.91692130 -.00000171  00000+0  00000+0 0  9992
2 60086  22.3549  60.1979 7616360 184.3919 176.5976  1.22077150    10