LEMUR-1                 
1 40044U 14033AL  24197.87591390  .00004121  00000+0  55077-3 0  9992
2 40044  97.7017 358.7760 0053709 212.2228 147.5698 14.79040436541541
LEMUR-2-ANUBHAVTHAKUR   
1 41873U 16062E   24198.22513472  .02162302  11902-4  99244-3 0  9992
2 41873  51.6452 268.8769 0011210 342.9151  17.1489 16.20980686426776
LEMUR-2-GREENBERG       
1 42837U 17042N   24197.77289907  .00012026  00000+0  84852-3 0  9990
2 42837  97.3646  25.1400 0013324 296.8888  63.0977 15.05028520381940
LEMUR-2-ANDIS           
1 42838U 17042P   24197.47744071  .00013373  00000+0  95325-3 0  9999
2 42838  97.3626  24.5901 0015762 303.0349  56.9363 15.04590036381898
LEMUR-2-MONSON          
1 42839U 17042Q   24197.77341697  .00010628  00000+0  77787-3 0  9992
2 42839  97.3967  24.8981 0009108 281.6427  78.3777 15.03719265381885
LEMUR-2-FURIAUS         
1 42840U 17042R   24197.79995943  .00011549  00000+0  84286-3 0  9990
2 42840  97.3663  24.8894 0012853 349.0258  11.0686 15.03773882381883
LEMUR-2-PETERG          
1 42841U 17042S   24197.80341392  .00013094  00000+0  94139-3 0  9991
2 42841  97.3935  26.7972 0005262 276.8444  83.2184 15.04363817381961
LEMUR-2-DEMBITZ         
1 42842U 17042T   24197.79541386  .00011186  00000+0  80965-3 0  9997
2 42842  97.3817  26.5049 0010184 305.8116  54.2164 15.04116856381989
LEMUR-2-ZACHARY         
1 42845U 17042W   24197.78476616  .00015580  00000+0  10004-2 0  9990
2 42845  97.3778  27.2416 0007369 348.2050  11.9005 15.08518696382171
LEMUR-2-JIN-LUEN        
1 43182U 18014C   24198.18226809  .00017145  00000+0  96299-3 0  9997
2 43182  97.5847 101.1622 0010204 248.8319 111.1822 15.13342274353138
LEMUR-2-URAMCHANSOL     
1 43183U 18014D   24197.68621012  .00026778  00000+0  13426-2 0  9999
2 43183  97.5852 102.3668 0009967 235.6597 124.3694 15.17274628353161
LEMUR-2-KADI            
1 43184U 18014E   24197.71912209  .00016506  00000+0  90209-3 0  9998
2 43184  97.5649 100.1487 0009240 221.9969 138.0555 15.14336030353088
LEMUR-2-THENICKMOLO     
1 43185U 18014F   24197.71445895  .00020662  00000+0  10725-2 0  9993
2 43185  97.5819 101.4252 0005940 219.3495 140.7307 15.16137962353125
LEMUR-2-CHRISTINAHOLT   
1 43882U 18111G   24198.20592090  .00040761  00000+0  18119-2 0  9997
2 43882  97.6308 111.4209 0006371 198.4044 161.6962 15.21375512302193
LEMUR-2-TINYKEV         
1 43883U 18111H   24197.72014836  .00044023  00000+0  17221-2 0  9999
2 43883  97.6083 111.2367 0006027 199.7674 160.3330 15.25682342304247
LEMUR-2-REMY-COLTON     
1 43884U 18111J   24198.21145335  .00033367  00000+0  14866-2 0  9995
2 43884  97.6263 112.0607 0001903 127.4562 232.6847 15.21360451302262
LEMUR-2-GUSTAVO         
1 43885U 18111K   24197.71540179  .00029736  00000+0  13614-2 0  9990
2 43885  97.6245 110.5642 0010630 219.0408 141.0061 15.20403398304124
LEMUR-2-ZO              
1 43886U 18111L   24198.19812288  .00028435  00000+0  13132-2 0  9997
2 43886  97.6136 110.4548 0008904 236.1203 123.9185 15.20128194302203
LEMUR-2-NATALIEMURRAY   
1 43887U 18111M   24197.73212110  .00030159  00000+0  13648-2 0  9993
2 43887  97.6272 111.6283 0008246 178.6338 181.4920 15.20819902304170
LEMUR-2-SARAHBETTYBOO   
1 43888U 18111N   24198.21130396  .00032497  00000+0  14225-2 0  9992
2 43888  97.6632 115.5253 0007280 273.1442  86.8960 15.21949801304282
LEMUR-2-DAISY-HARPER    
1 43889U 18111P   24198.20184006  .00038230  00000+0  15415-2 0  9992
2 43889  97.6480 115.6666 0005431 269.7091  90.3524 15.24704784304334
LEMUR-2-JPGSQUARED      
1 44855U 19089D   24198.17644259  .00100744  00000+0  16673-2 0  9995
2 44855  36.9621 162.4446 0005673 233.5152 126.5084 15.50943185253438
LEMUR-2-HIMOMANDDAD     
1 44860U 19089J   24197.90185150  .00214508  00000+0  19207-2 0  9991
2 44860  36.9596 154.3306 0011868 223.1397 136.8437 15.66655184253475
LEMUR-2-PAPPY           
1 44861U 19089K   24197.24765600  .00093349  00000+0  20811-2 0  9994
2 44861  36.9557 184.7580 0004865 204.7967 155.2555 15.42371087253052
LEMUR-2-THEODOSIA       
1 44863U 19089M   24198.16892529  .00107065  00000+0  16738-2 0  9993
2 44863  36.9637 159.4598 0004777 255.2880 104.7349 15.52509424253316
LEMUR-2-SLICERS         
1 46500U 20068Q   24197.91381352  .00101551  00000+0  16124-2 0  9994
2 46500  97.7742 170.1389 0007381 145.7554 214.4175 15.52964434209493
LEMUR-2-DAYWZAGOODDAY   
1 46501U 20068R   24198.14606102  .00071171  00000+0  14984-2 0  9990
2 46501  97.7845 169.4997 0006827 155.0538 205.1041 15.45004939209445
LEMUR-2-SUSURRUS        
1 46502U 20068S   24197.91456248  .00102200  00000+0  16221-2 0  9993
2 46502  97.7797 170.2670 0007102 149.2499 210.9170 15.52974337209496
LEMUR-2-NICHOL          
1 46503U 20068T   24197.88674142  .00050087  00000+0  12400-2 0  9995
2 46503  97.7885 167.4705 0006343 169.4628 190.6751 15.40249252209303
LEMUR-2-OZARAK          
1 46908U 20081D   24197.58302934  .00107427  00000+0  24603-2 0  9992
2 46908  36.8956 308.7792 0002513  54.7173 305.3816 15.41512777203270
LEMUR-2-JINDRA          
1 46909U 20081E   24197.53584660  .00222808  00000+0  27287-2 0  9998
2 46909  36.8902 284.8351 0008200  82.1728 277.9962 15.58673672203532
LEMUR-2-WALLACE         
1 46910U 20081F   24197.63499124  .00181593  00000+0  27763-2 0  9995
2 46910  36.8874 292.1905 0004837  67.2550 292.8718 15.52847371203457
LEMUR-2-JEREMIAH        
1 46911U 20081G   24197.65826408  .00108203  00000+0  26432-2 0  9996
2 46911  36.9043 308.7555 0003790  19.6431 340.4468 15.39560779203291
LEMUR-2-AMANDA-SVANTE   
1 48269U 21034B   24198.17798619  .00014508  00000+0  11749-2 0  9992
2 48269  97.6585 263.1036 0003827 110.6242 249.5392 14.99821884174840
LEMUR-2-SPECIAL-K       
1 48273U 21034F   24197.75922103  .00015411  00000+0  12096-2 0  9997
2 48273  97.6537 263.0110 0004091 154.2839 205.8589 15.01008532174815
LEMUR-2-ROHOVITHSA      
1 51036U 22002BE  24197.94539201  .00489763  00000+0  21781-2 0  9994
2 51036  97.3780 275.7127 0008663 237.8739 122.1690 15.83046609139527
LEMUR-2-HANCOM-1        
1 52740U 22057J   24198.12575341  .00748794  24441-3  18787-2 0  9996
2 52740  97.5793 336.2642 0008160 303.5075  56.5420 15.95653969119634
LEMUR-2-PHILARI         
1 55013U 23001E   24197.71025216  .00351513  00000+0  27949-2 0  9997
2 55013  97.4163 266.0094 0002597 208.3758 151.7363 15.70168347 85572
LEMUR-2-DISCLAIMER      
1 55014U 23001F   24198.16765555  .00778806  00000+0  29782-2 0  9990
2 55014  97.4083 267.9412 0006797 250.1544 109.8994 15.85573340 85722
LEMUR-2-STEVEALBERS     
1 55017U 23001J   24197.74590790  .00121701  00000+0  18770-2 0  9994
2 55017  97.4147 264.1599 0003778  88.3320 271.8366 15.53719023 85469
LEMUR-2-MMOLO           
1 55038U 23001AF  24198.13903674  .00081838  00000+0  15595-2 0  9998
2 55038  97.4281 265.6867 0007523  59.6866 300.5127 15.47865647 85555
LEMUR-2-FUENTETAJA-01   
1 55088U 23001CH  24198.18846092  .00551655  00000+0  32127-2 0  9997
2 55088  97.4230 267.9838 0003105 229.2110 130.8886 15.76937197 85701
LEMUR-2-ONREFLECTION    
1 56182U 23054E   24198.18853826  .00083782  00000+0  13774-2 0  9992
2 56182  97.3518  97.4000 0006485  81.3999 278.7988 15.52067792 70728
LEMUR-2-SPACEGUS        
1 56187U 23054K   24197.69739952  .00317838  00000+0  28326-2 0  9996
2 56187  97.3484  98.1208 0007679 107.3983 252.8118 15.67445339 70722
LEMUR-2-EMBRIONOVIS     
1 56970U 23084AQ  24197.89435270  .00008758  00000+0  40197-3 0  9996
2 56970  97.5505 316.8673 0012058 270.4207  89.5646 15.20596550 60486
LEMUR-2-NAZIYAH         
1 56974U 23084AU  24197.88974955  .00047649  00000+0  12868-2 0  9992
2 56974  97.5335 319.9040 0009199 240.2389 119.7941 15.37567273 60720
LEMUR-2-AADAM-ALIYAH    
1 56977U 23084AX  24197.88841996  .00055411  00000+0  14927-2 0  9997
2 56977  97.5360 320.0233 0009401 244.1558 115.8717 15.37603509 60726
LEMUR-2-MANO            
1 57390U 23100E   24197.83955742  .00013082  00000+0  90617-3 0  9995
2 57390  99.4911  48.3577 0013166 195.5876 164.4941 15.05768731 54596
LEMUR-2-DEVERILL-M-T    
1 57391U 23100F   24197.54812944  .00007008  00000+0  50095-3 0  9997
2 57391  99.4692  47.3824 0013074 196.9708 163.1077 15.04843280 54558
LEMUR-2-BASS            
1 58259U 23174D   24197.65117050  .00013901  00000+0  66915-3 0  9997
2 58259  97.4521 271.3764 0012747 143.3749 216.8359 15.18807813 38008
LEMUR-2-DILIGHTFUL      
1 58260U 23174E   24198.18139210  .00030212  00000+0  12635-2 0  9993
2 58260  97.4575 272.8492 0011662 141.6665 218.5403 15.23477160 38133
LEMUR-2-GOOD-VIBES      
1 58263U 23174H   24197.78815123  .00025814  00000+0  10785-2 0  9991
2 58263  97.4513 272.2668 0011114 146.5082 213.6860 15.23549625 38078
LEMUR-2-SANITA-VETRA    
1 58267U 23174M   24197.72096083  .00033082  00000+0  13844-2 0  9990
2 58267  97.4511 272.1660 0010533 142.0041 218.1941 15.23447206 38062
LEMUR-2-MARAPAMASM      
1 58332U 23174CE  24197.72405516  .00032245  00000+0  11781-2 0  9996
2 58332  97.4499 273.3477 0009577 110.1020 250.1251 15.27992782 38145
LEMUR-2-THE-CLEANER     
1 58333U 23174CF  24197.71993061  .00022840  00000+0  93117-3 0  9997
2 58333  97.4512 272.7800 0010321 109.3625 250.8729 15.24408432 38109
LEMUR-2-MANGO2A         
1 58335U 23174CH  24198.19729057  .00091773  00000+0  25792-2 0  9998
2 58335  97.4492 274.8699 0008731 113.0611 247.1554 15.36125288 38288
LEMUR-2-JK0903EM1407    
1 58336U 23174CJ  24197.78626090  .00015556  00000+0  70059-3 0  9998
2 58336  97.4514 272.2372 0010711 107.6681 252.5725 15.21103726 38075
LEMUR-2-MANGO2B         
1 58337U 23174CK  24198.19655951  .00071500  00000+0  20220-2 0  9998
2 58337  97.4548 275.0492 0009413 113.0756 247.1481 15.36014486 38280
LEMUR-2-MJR092620       
1 58340U 23174CN  24198.21459988  .00017385  00000+0  77478-3 0  9996
2 58340  97.4579 272.9343 0011809 104.1978 256.0570 15.21427927 38143
