SPACEBEE-7              
1 43816U 18099BL  24198.12317421  .00017045  00000+0  97994-3 0  9991
2 43816  97.5473 261.4856 0010315 181.1113 179.0097 15.12505184306786
SPACEBEE-6              
1 43818U 18099BN  24198.22895210  .00049032  00000+0  19254-2 0  9994
2 43818  97.5394 267.4566 0009279 180.3197 179.8036 15.25503426307338
SPACEBEE-167            
1 55087U 23001CG  24198.12837148  .00082039  00000+0  14675-2 0  9995
2 55087  97.4176 264.4340 0006584  61.1331 299.0580 15.49687798 85507
SPACEBEE-163            
1 55089U 23001CJ  24198.18506752  .00197979  00000+0  21298-2 0  9996
2 55089  97.4088 266.6202 0002337  51.4412 308.7056 15.63083585 85669
SPACEBEE-164            
1 55091U 23001CL  24198.12524377  .00097752  00000+0  15285-2 0  9993
2 55091  97.4148 265.1680 0005820  55.2650 304.9150 15.53416481 85554
SPACEBEE-166            
1 55092U 23001CM  24198.16769532  .00176477  00000+0  20825-2 0  9990
2 55092  97.4118 266.7092 0003908  46.5012 313.6569 15.60745708 85664
SPACEBEE-165            
1 55094U 23001CP  24198.17504922  .00137335  00000+0  19620-2 0  9994
2 55094  97.4162 265.6908 0004139  60.2120 299.9545 15.55765699 85596
SPACEBEE-162            
1 55095U 23001CQ  24198.17802459  .00126308  00000+0  19234-2 0  9990
2 55095  97.4154 265.4042 0005862  55.2398 304.9406 15.54044465 85571
SPACEBEE-161            
1 55096U 23001CR  24198.18036486  .00127316  00000+0  18865-2 0  9990
2 55096  97.4154 265.5508 0005115  53.1805 306.9917 15.54797728 85588
SPACEBEE-160            
1 55097U 23001CS  24198.16666126  .00136751  00000+0  19390-2 0  9996
2 55097  97.4148 265.6997 0004552  53.7518 306.4157 15.55971137 85597
SPACEBEE-156            
1 55099U 23001CU  24198.42896114  .00146368  00000+0  20165-2 0  9996
2 55099  97.4156 266.1241 0004803  53.1002 307.0693 15.56717448 85649
SPACEBEE-158            
1 55100U 23001CV  24198.15714503  .00145389  00000+0  19942-2 0  9993
2 55100  97.4159 265.7928 0004593  58.1928 301.9774 15.56841076 85592
SPACEBEE-159            
1 55101U 23001CW  24198.13318717  .00173103  00000+0  19190-2 0  9999
2 55101  97.4126 266.8146 0003287  42.6934 317.4579 15.62386526 85669
SPACEBEE-157            
1 55102U 23001CX  24198.12851420  .00167234  00000+0  18514-2 0  9999
2 55102  97.4115 266.8724 0002796  48.9420 311.2079 15.62442371 85672
SPACEBEE-179            
1 56969U 23084AP  24198.29253323  .00062930  00000+0  16291-2 0  9995
2 56969  97.5394 321.0532 0008767 243.0648 116.9701 15.38802613 60812
SPACEBEE-177            
1 56972U 23084AS  24198.31679761  .00075333  00000+0  17915-2 0  9995
2 56972  97.5374 321.6163 0008893 239.2753 120.7617 15.41333581 60854
SPACEBEE-178            
1 56973U 23084AT  24198.31218838  .00069228  00000+0  17759-2 0  9992
2 56973  97.5417 321.1183 0009187 245.1289 114.9002 15.39049576 60811
SPACEBEE-176            
1 56975U 23084AV  24198.32789169  .00068245  00000+0  17099-2 0  9990
2 56975  97.5395 321.3223 0009003 241.6830 118.3508 15.39777458 60833
SPACEBEE-174            
1 56976U 23084AW  24198.33123644  .00071671  00000+0  17555-2 0  9996
2 56976  97.5393 321.4749 0008980 241.0555 118.9791 15.40453148 60847
SPACEBEE-173            
1 56978U 23084AY  24198.31142434  .00071578  00000+0  17437-2 0  9999
2 56978  97.5395 321.5086 0008986 241.0642 118.9703 15.40619147 60845
SPACEBEE-172            
1 56979U 23084AZ  24198.39162086  .00072813  00000+0  17695-2 0  9992
2 56979  97.5380 321.5232 0009070 241.2653 118.7682 15.40686400 60853
SPACEBEE-171            
1 56980U 23084BA  24198.29142934  .00071159  00000+0  17216-2 0  9994
2 56980  97.5390 321.5314 0009274 240.4950 119.5372 15.40827199 60840
SPACEBEE-169            
1 56982U 23084BC  24198.33916307  .00075114  00000+0  17865-2 0  9999
2 56982  97.5376 321.4018 0009324 241.0652 118.9660 15.41326982 60846
SPACEBEE-170            
1 56983U 23084BD  24198.29334862  .00075372  00000+0  18658-2 0  9992
2 56983  97.5436 321.4564 0009010 237.9837 122.0534 15.40114134 60839
SPACEBEE-168            
1 56984U 23084BE  24198.41553887  .00113016  00000+0  21506-2 0  9991
2 56984  97.5335 322.5788 0009458 240.3448 119.6860 15.47766101 60928
SPACEBEE-175            
1 56985U 23084BF  24198.30064493  .00073654  00000+0  17836-2 0  9994
2 56985  97.5406 321.5758 0009772 244.8892 115.1340 15.40783754 60846