TDRS 3                  
1 19548U 88091B   24197.76923356 -.00000288  00000+0  00000+0 0  9994
2 19548  13.1404 345.7184 0033860 340.2935 196.0310  1.00279935118332
HST                     
1 20580U 90037B   24197.91773766  .00006967  00000+0  32303-3 0  9994
2 20580  28.4673 152.5820 0002419 351.3936   8.6615 15.18097129681404
TDRS 5                  
1 21639U 91054B   24197.33731934 -.00000292  00000+0  00000+0 0  9998
2 21639  14.1587 358.8983 0003156 199.4983 154.4958  1.00275188120675
TDRS 6                  
1 22314U 93003B   24197.88091300 -.00000286  00000+0  00000+0 0  9994
2 22314  14.1631   2.2003 0012262 158.9056  44.2192  1.00266097115374
TDRS 7                  
1 23613U 95035B   24197.93884715 -.00000190  00000+0  00000+0 0  9994
2 23613  13.6689 353.0272 0027479  73.2419 290.7714  1.00268724106127
ISS (ZARYA)             
1 25544U 98067A   24198.21807361  .00018289  00000+0  32831-3 0  9999
2 25544  51.6369 171.5201 0010291  71.9075 288.3034 15.49900330463051
LANDSAT 7               
1 25682U 99020A   24198.19873101  .00000896  00000+0  19265-3 0  9995
2 25682  97.8864 223.6168 0001203  97.1798 337.4866 14.60749944343434
TERRA                   
1 25994U 99068A   24198.14820428  .00000807  00000+0  17813-3 0  9991
2 25994  98.0467 260.7842 0000577 270.3016 142.2938 14.59863277307395
TDRS 8                  
1 26388U 00034A   24197.74573823  .00000103  00000+0  00000+0 0  9998
2 26388  11.5792  37.0592 0000818 213.3664 144.6112  1.00266464 88141
TIMED                   
1 26998U 01055B   24197.75496579  .00002233  00000+0  22647-3 0  9993
2 26998  74.0688 204.0273 0002695 261.1416  98.9461 14.91550508226083
AQUA                    
1 27424U 02022A   24198.16819772  .00001646  00000+0  35685-3 0  9996
2 27424  98.3313 147.6508 0001981  62.0118 355.9576 14.59477141180941
TDRS 10                 
1 27566U 02055A   24197.93900218  .00000097  00000+0  00000+0 0  9997
2 27566   9.6162  45.2038 0004678 352.9020  63.0378  1.00275251 79196
SORCE                   
1 27651U 03004A   24198.21326956  .00005245  00000+0  47688-3 0  9997
2 27651  39.9934 279.8986 0019919  82.2957 278.0095 14.95451557166618
AURA                    
1 28376U 04026A   24198.18088074  .00001680  00000+0  36995-3 0  9997
2 28376  98.2516 142.8188 0001711  45.9196 314.2143 14.58710871 63947
SWIFT                   
1 28485U 04047A   24198.06196806  .00015773  00000+0  68671-3 0  9995
2 28485  20.5573 334.3597 0007510 296.0945  63.8719 15.19926284 78728
THEMIS A                
1 30580U 07004A   24196.79254586 -.00000040  00000+0  00000+0 0  9998
2 30580   9.7847 262.9503 8352802 325.3582   2.2597  0.87834302 35105
THEMIS D                
1 30797U 07004D   24196.91867160 -.00000069  00000+0  00000+0 0  9991
2 30797   5.5478 260.5452 8345620 331.7524  30.2944  0.87835455 34907
THEMIS E                
1 30798U 07004E   24196.88271015 -.00000092  00000+0  00000+0 0  9992
2 30798   7.3191 279.8752 8337084 313.6852  33.8807  0.87833042 59740
FGRST (GLAST)           
1 33053U 08029A   24197.78604558  .00005364  00000+0  24794-3 0  9995
2 33053  25.5838  12.8671 0010385   9.7012 350.3724 15.17050913888929
WISE                    
1 36119U 09071A   24198.06319451  .00067196  00000+0  59486-3 0  9993
2 36119  97.1408 235.1147 0002529 105.8249 254.3291 15.68415071812781
TDRS 11                 
1 39070U 13004A   24197.92590567  .00000095  00000+0  00000+0 0  9995
2 39070   2.7587  12.6957 0006177  56.1877  24.3139  1.00268265 39661
TDRS 12                 
1 39504U 14004A   24197.77088699 -.00000254  00000+0  00000+0 0  9997
2 39504   3.5550   4.0945 0004204 192.4124 334.2227  1.00274024 38415
GPM-CORE                
1 39574U 14009C   24198.20041961  .00022520  00000+0  48180-3 0  9993
2 39574  64.9845 135.9380 0006551 263.4853  96.5542 15.44788254589554
MMS 1                   
1 40482U 15011A   24197.08335648 -.00001351  00000+0  00000+0 0  9995
2 40482  49.4814   9.4548 9081187 148.1360  99.0405  0.28415561  1388
MMS 2                   
1 40483U 15011B   24197.08335648 -.00001352  00000+0  00000+0 0  9997
2 40483  49.4815   9.4547 9081270 148.1360  98.7321  0.28412006  1386
MMS 3                   
1 40484U 15011C   24197.08335648 -.00001352  00000+0  00000+0 0  9998
2 40484  49.4760   9.4603 9081497 148.1306  98.8262  0.28413426  1382
MMS 4                   
1 40485U 15011D   24197.08335648 -.00001354  00000+0  00000+0 0  9991
2 40485  49.4785   9.4584 9082339 148.1319  97.1712  0.28377510  1305
TDRS 13                 
1 42915U 17047A   24197.70520896 -.00000079  00000+0  00000+0 0  9995
2 42915   3.6181 345.2307 0017849 119.0568  72.1797  1.00272518 25315
NOAA 20 (JPSS-1)        
1 43013U 17073A   24198.16999237  .00000148  00000+0  90836-4 0  9991
2 43013  98.7065 135.6068 0002102 114.1490 245.9906 14.19543428345011
