CRE (WAAS/PRN 138)      
1 28868U 05036A   24198.50460873 -.00000058  00000+0  00000+0 0  9995
2 28868   2.5050  85.3047 0003789  19.4773 264.3952  1.00272086 39426
IOR-W (EGNOS/PRN 126)   
1 28899U 05044A   24198.52910271 -.00000246  00000+0  00000+0 0  9991
2 28899   4.2188  42.5552 0002037  77.0836 149.1729  1.00271237 68490
GSAT-8 (GAGAN/PRN 127)  
1 37605U 11022A   24198.57693491  .00000103  00000+0  00000+0 0  9997
2 37605   0.3122  91.1984 0002466 149.4441 317.0339  1.00269943 46198
LUCH 5A (SDCM/PRN 140)  
1 37951U 11074B   24198.54422476 -.00000037  00000+0  00000+0 0  9995
2 37951   6.9579  84.5190 0004458  33.8573 179.3567  1.00270247 46023
SES-5 (EGNOS/PRN 136)   
1 38652U 12036A   24198.56692730  .00000052  00000+0  00000+0 0  9993
2 38652   0.0746 290.4394 0002217 181.5013  32.0166  1.00271564 37469
GSAT-10 (GAGAN/PRN 128) 
1 38779U 12051B   24197.72394789 -.00000147  00000+0  00000+0 0  9996
2 38779   0.0150  95.8134 0000502 312.3024 229.5650  1.00273054 43079
LUCH 5B (SDCM/PRN 125)  
1 38977U 12061A   24198.34814928 -.00000125  00000+0  00000+0 0  9994
2 38977   8.9498  56.4487 0004912 101.2228 246.0921  1.00272587 42574
ASTRA 5B (EGNOS/PRN 123)
1 39617U 14011B   24197.82479998  .00000155  00000+0  00000+0 0  9991
2 39617   0.0546 321.5016 0002238 163.3665 129.7071  1.00273728 37834
LUCH 5V (SDCM/PRN 141)  
1 39727U 14023A   24198.58488907 -.00000254  00000+0  00000+0 0  9991
2 39727   3.3674  75.8452 0002359  84.9297  79.4444  1.00272539 37339
GSAT-15 (GAGAN/PRN 139) 
1 41028U 15065A   24198.45941780 -.00000240  00000+0  00000+0 0  9999
2 41028   0.0988 272.0596 0003996 176.9802 104.6078  1.00272743 31773
E 117 W B (WAAS/PRN 131)
1 41589U 16038B   24197.89887432  .00000007  00000+0  00000+0 0  9992
2 41589   0.0123 139.8208 0000412  82.1350 278.8583  1.00270611 29642
SES-15 (WAAS/PRN 133)   
1 42709U 17026A   24198.54029837  .00000078  00000+0  00000+0 0  9993
2 42709   0.0189  37.6452 0000505  60.6169 261.9623  1.00268474   413
QZS-2 (QZSS/PRN 194)    
1 42738U 17028A   24198.50264517 -.00000101  00000+0  00000+0 0  9997
2 42738  40.5266 253.3376 0756675 269.5525  94.6239  1.00276665   600
QZS-3 (QZSS/PRN 199)    
1 42917U 17048A   24198.59132875 -.00000330  00000+0  00000+0 0  9992
2 42917   0.0596 205.4272 0002355 272.1651 157.2221  1.00269501 25232
QZS-4 (QZSS/PRN 195)    
1 42965U 17062A   24176.78903547 -.00000324  00000+0  00000+0 0  9993
2 42965  40.5115 352.6916 0746082 271.6310  68.9097  1.00249876 24566
BEIDOU-3 G1 (PRN 130)   
1 43683U 18085A   24198.59385240 -.00000261  00000+0  00000+0 0  9994
2 43683   2.2615 108.4960 0004145 353.2812 186.9131  1.00276120 21032
BEIDOU-3 G2 (PRN 144)   
1 45344U 20017A   24198.58193031 -.00000125  00000+0  00000+0 0  9991
2 45344   2.3507  30.7401 0002066 128.4694  65.2345  1.00271324 16239
BEIDOU-3 G3 (PRN 143)   
1 45807U 20040A   24197.67874979 -.00000335  00000+0  00000+0 0  9990
2 45807   0.8243  45.7042 0004561  18.8551 224.1758  1.00263985 15031
GALAXY 30 (WAAS/PRN 135)
1 46114U 20056C   24198.48836147  .00000055  00000+0  00000+0 0  9992
2 46114   0.0168  54.5909 0002168  57.5024 233.5246  1.00272550 14265
QZS-1R (QZSS/PRN 196)   
1 49336U 21096A   24196.70144531 -.00000283  00000+0  00000+0 0  9992
2 49336  35.9978  90.1120 0757661 272.0101 315.7071  1.00249624  9962