NOAA 15                 
1 25338U 98030A   24198.13262118  .00000390  00000+0  17910-3 0  9991
2 25338  98.5672 224.6536 0009302 236.1797 123.8499 14.26628431361561
DMSP 5D-3 F16 (USA 172) 
1 28054U 03048A   24198.23244394  .00000207  00000+0  13274-3 0  9997
2 28054  99.0206 204.9727 0006878 339.7118  87.4523 14.14050369 70389
NOAA 18                 
1 28654U 05018A   24198.16471990  .00000328  00000+0  19858-3 0  9996
2 28654  98.8739 274.8890 0013732 345.4765  14.6011 14.13253729987351
METEOSAT-9 (MSG-2)      
1 28912U 05049B   24197.78800392  .00000136  00000+0  00000+0 0  9998
2 28912   7.7494  60.6285 0002034   5.1065 197.8203  1.00277513 68019
EWS-G1 (GOES 13)        
1 29155U 06018A   24197.90631819 -.00000132  00000+0  00000+0 0  9992
2 29155   2.6981  84.9686 0077272 256.0098  29.4646  0.99048781 36316
DMSP 5D-3 F17 (USA 191) 
1 29522U 06050A   24198.18829560  .00000220  00000+0  13736-3 0  9990
2 29522  98.7435 208.1654 0008911 255.6621 104.3563 14.14501509913296
FENGYUN 3A              
1 32958U 08026A   24198.08142517  .00000247  00000+0  13847-3 0  9993
2 32958  98.6047 144.3674 0008685 357.2798   2.8330 14.19121732836059
NOAA 19                 
1 33591U 09005A   24198.19105742  .00000318  00000+0  19496-3 0  9991
2 33591  99.0455 254.2950 0013439 206.6022 153.4461 14.13048292795728
GOES 14                 
1 35491U 09033A   24197.61426286 -.00000048  00000+0  00000+0 0  9996
2 35491   0.4036 101.4325 0003961   9.4727 295.6879  1.00272690 55071
DMSP 5D-3 F18 (USA 210) 
1 35951U 09057A   24198.20198821  .00000480  00000+0  27477-3 0  9990
2 35951  98.8151 173.1638 0012421  84.5841 275.6749 14.14166268760468
EWS-G2 (GOES 15)        
1 36411U 10008A   24197.86267289  .00000057  00000+0  00000+0 0  9995
2 36411   0.3768  88.9744 0003084 102.5565 114.3720  1.00272416 52604
COMS 1                  
1 36744U 10032A   24198.04216056 -.00000329  00000+0  00000+0 0  9991
2 36744   3.0138  84.0511 0001014  28.7721 324.8603  1.00271338 51628
FENGYUN 3B              
1 37214U 10059A   24198.21216532  .00000211  00000+0  13350-3 0  9996
2 37214  99.0536 226.7078 0022372  13.5344  62.3626 14.14520559708353
SUOMI NPP               
1 37849U 11061A   24198.15286061  .00000177  00000+0  10475-3 0  9997
2 37849  98.7221 135.6985 0001392 122.6597 237.4714 14.19529705658972
FENGYUN 2F              
1 38049U 12002A   24198.01593495 -.00000344  00000+0  00000+0 0  9999
2 38049   5.6626  72.8481 0001692 113.8539 225.5355  1.00268974 45855
METEOSAT-10 (MSG-3)     
1 38552U 12035B   24197.77895358  .00000009  00000+0  00000+0 0  9996
2 38552   3.0273  61.1839 0000386 337.4628 175.8805  1.00272485 43828
METOP-B                 
1 38771U 12049A   24198.17390647 -.00000053  00000+0 -46388-5 0  9996
2 38771  98.6264 254.7437 0001272  81.2079 278.9243 14.21447765613662
INSAT-3D                
1 39216U 13038B   24197.90089166 -.00000333  00000+0  00000+0 0  9996
2 39216   0.1067  96.2602 0001002  68.9638 197.2404  1.00567225 40048
FENGYUN 3C              
1 39260U 13052A   24198.20421746  .00000197  00000+0  12025-3 0  9990
2 39260  98.4290 196.2732 0009926 240.4391 119.5796 14.16230567559432
METEOR-M 2              
1 40069U 14037A   24198.18174636  .00000246  00000+0  13246-3 0  9994
2 40069  98.4372 191.1252 0004503 276.4593  83.6072 14.20995939519746
HIMAWARI-8              
1 40267U 14060A   24197.73538253 -.00000257  00000+0  00000+0 0  9992
2 40267   0.0396 220.1830 0001140 258.6645 220.6323  1.00273504 35724
FENGYUN 2G              
1 40367U 14090A   24198.01341130 -.00000287  00000+0  00000+0 0  9997
2 40367   3.8615  81.2139 0002521 134.7657 182.5143  1.00280258 35000
METEOSAT-11 (MSG-4)     
1 40732U 15034A   24197.78078105  .00000079  00000+0  00000+0 0  9992
2 40732   1.4529  69.7242 0001300 163.5375 351.1171  1.00271710 32972
ELEKTRO-L 2             
1 41105U 15074A   24198.06228387 -.00000103  00000+0  00000+0 0  9991
2 41105   4.9126  79.1301 0001129 133.4902  89.6405  1.00270513 31488
INSAT-3DR               
1 41752U 16054A   24197.79368249 -.00000059  00000+0  00000+0 0  9999
2 41752   0.0784  92.1564 0010251 173.1962  28.4812  1.00271794 28786
HIMAWARI-9              
1 41836U 16064A   24197.69226227 -.00000257  00000+0  00000+0 0  9991
2 41836   0.0306 136.8728 0001168 333.4394 213.6750  1.00270445 28178
GOES 16                 
1 41866U 16071A   24197.76392597 -.00000230  00000+0  00000+0 0  9995
2 41866   0.0808 252.4896 0000511 206.6395  34.7755  1.00272158 28071
FENGYUN 4A              
1 41882U 16077A   24197.72464407 -.00000180  00000+0  00000+0 0  9999
2 41882   0.5274  86.0057 0008363 345.4963 210.0423  1.00267329 27891
CYGFM05                 
1 41884U 16078A   24197.84215547  .00011969  00000+0  43237-3 0  9993
2 41884  34.9574 119.5805 0009876  98.2958 261.8878 15.27620540420467
CYGFM04                 
1 41885U 16078B   24197.87794835  .00011530  00000+0  40531-3 0  9997
2 41885  34.9383 103.1389 0007427 126.9682 233.1714 15.28532662420565
CYGFM02                 
1 41886U 16078C   24198.15779948  .00013453  00000+0  46734-3 0  9995
2 41886  34.9497 103.5561 0010162 116.5336 243.6422 15.28873426420769
CYGFM01                 
1 41887U 16078D   24197.89355095  .00011429  00000+0  41546-3 0  9996
2 41887  34.9465 123.1373 0009712  87.9133 272.2694 15.27420875420404
CYGFM08                 
1 41888U 16078E   24197.89367785  .00011645  00000+0  41134-3 0  9999
2 41888  34.9465 111.0492 0010503 113.2095 246.9728 15.28347962420584
CYGFM07                 
1 41890U 16078G   24198.06083246  .00011911  00000+0  41685-3 0  9996
2 41890  34.9483 101.3545 0007242 126.9476 233.1904 15.28673990420754
CYGFM03                 
1 41891U 16078H   24198.16271299  .00013584  00000+0  47616-3 0  9993
2 41891  34.9504 101.9298 0008264 111.6254 248.5343 15.28594928420750
FENGYUN 3D              
1 43010U 17072A   24198.13813014  .00000208  00000+0  12039-3 0  9997
2 43010  98.9119 152.9649 0000393 228.2458 131.8684 14.19370945345522
NOAA 20 (JPSS-1)        
1 43013U 17073A   24198.16999237  .00000148  00000+0  90836-4 0  9991
2 43013  98.7065 135.6068 0002102 114.1490 245.9906 14.19543428345011
GOES 17                 
1 43226U 18022A   24197.68658611 -.00000072  00000+0  00000+0 0  9992
2 43226   0.0168 264.6707 0001305 242.1057 289.6941  1.00272704 23384
FENGYUN 2H              
1 43491U 18050A   24198.08090674 -.00000107  00000+0  00000+0 0  9990
2 43491   1.2149  87.0722 0001875  47.3826 267.9736  1.00267330 22485
METOP-C                 
1 43689U 18087A   24198.14146109  .00000221  00000+0  12108-3 0  9993
2 43689  98.7219 257.0778 0002270  37.4491 322.6844 14.21490453295236
GEO-KOMPSAT-2A          
1 43823U 18100A   24198.04216056 -.00000325  00000+0  00000+0 0  9997
2 43823   0.0296 146.2164 0002561 310.6633 340.9309  1.00271343 20639
METEOR-M2 2             
1 44387U 19038A   24198.17172641  .00000108  00000+0  66993-4 0  9995
2 44387  98.8282 167.5118 0000588 172.5520 187.5667 14.23901816261517
ARKTIKA-M 1             
1 47719U 21016A   24194.17552890  .00000148  00000+0  00000+0 0  9996
2 47719  63.1379 148.9053 6950225 268.6549  17.8845  2.00605446 24655
FENGYUN 3E              
1 49008U 21062A   24198.24176996  .00000069  00000+0  53259-4 0  9992
2 49008  98.7324 199.1308 0001009 357.7394   2.3777 14.19764345157110
GOES 18                 
1 51850U 22021A   24198.24456002  .00000115  00000+0  00000+0 0  9998
2 51850   0.0339 194.2136 0000509 269.6109 141.7720  1.00271317  8775
NOAA 21 (JPSS-2)        
1 54234U 22150A   24198.13519522  .00000181  00000+0  10659-3 0  9993
2 54234  98.7518 135.6905 0001919  75.1210 285.0178 14.19538658 87087
METEOSAT-12 (MTG-I1)    
1 54743U 22170C   24197.77886655  .00000010  00000+0  00000+0 0  9999
2 54743   0.5366  42.6538 0002267  64.4853 106.8904  1.00270493  5942
TIANMU-1 03             
1 55973U 23039A   24198.16730759  .00012508  00000+0  53275-3 0  9998
2 55973  97.4709 348.6230 0006112  83.0176 277.1755 15.23096114 73262
TIANMU-1 04             
1 55974U 23039B   24198.21509764  .00011711  00000+0  49738-3 0  9999
2 55974  97.4632 348.2045 0007233  79.1354 281.0696 15.23202786 73269
TIANMU-1 05             
1 55975U 23039C   24198.20009762  .00011429  00000+0  48709-3 0  9995
2 55975  97.4679 348.5323 0005906  98.2639 261.9267 15.23096976 73258
TIANMU-1 06             
1 55976U 23039D   24198.18090480  .00012346  00000+0  52260-3 0  9996
2 55976  97.4692 348.6427 0006363  96.5746 263.6216 15.23308081 73254
METEOR-M2 3             
1 57166U 23091A   24198.20691811  .00000047  00000+0  39614-4 0  9999
2 57166  98.7111 252.6182 0004850  56.5091 303.6550 14.23904632 54750
TIANMU-1 07             
1 57399U 23101A   24198.17797829  .00008704  00000+0  43649-3 0  9991
2 57399  97.3617 254.5215 0006635  91.7627 268.4367 15.17549428 54825
TIANMU-1 08             
1 57400U 23101B   24198.14713928  .00007174  00000+0  36013-3 0  9996
2 57400  97.3607 254.3610 0008969  95.0780 265.1478 15.17560140 54813
TIANMU-1 09             
1 57401U 23101C   24198.13031441  .00007200  00000+0  36149-3 0  9999
2 57401  97.3561 254.1696 0009317  91.4905 268.7396 15.17550751 54817
TIANMU-1 10             
1 57402U 23101D   24198.16280587  .00008907  00000+0  44625-3 0  9993
2 57402  97.3643 254.5059 0011464  89.7020 270.5527 15.17536359 54815
FENGYUN 3F              
1 57490U 23111A   24198.19467430  .00000141  00000+0  87418-4 0  9998
2 57490  98.7686 267.0576 0001429  59.6900 300.4417 14.19837489 49386
ARKTIKA-M 2             
1 58584U 23198A   24194.90469651  .00000142  00000+0  00000+0 0  9998
2 58584  63.2529 232.5808 6975139 269.8283  17.2701  2.00607088  4198
TIANMU-1 11             
1 58645U 23205A   24198.17508202  .00007044  00000+0  37533-3 0  9997
2 58645  97.4023 222.5206 0009647 308.7157  51.3212 15.15464732 30905
TIANMU-1 12             
1 58646U 23205B   24198.12378616  .00007363  00000+0  39173-3 0  9993
2 58646  97.4011 222.3983 0008011 300.7083  59.3359 15.15514155 30889
TIANMU-1 13             
1 58647U 23205C   24198.15744910  .00008082  00000+0  43057-3 0  9996
2 58647  97.4039 222.4339 0007864 280.1602  79.8743 15.15433305 30880
TIANMU-1 14             
1 58648U 23205D   24198.14133743  .00007733  00000+0  41200-3 0  9992
2 58648  97.3966 222.2548 0008530 284.4667  75.5619 15.15441523 30884
TIANMU-1 19             
1 58660U 23208A   24198.21410649  .00008754  00000+0  46514-3 0  9997
2 58660  97.4128 309.8904 0007837 261.4043  98.6301 15.15506054 30569
TIANMU-1 20             
1 58661U 23208B   24198.20249853  .00009312  00000+0  48354-3 0  9999
2 58661  97.4056 309.8597 0008593 273.4324  86.5926 15.16294427 30572
TIANMU-1 21             
1 58662U 23208C   24198.24411642  .00009516  00000+0  48124-3 0  9992
2 58662  97.4096 310.2130 0008170 273.0219  87.0080 15.17222754 30590
TIANMU-1 22             
1 58663U 23208D   24198.23107242  .00008154  00000+0  43415-3 0  9995
2 58663  97.4114 309.9761 0003769 288.7579  71.3244 15.15471831 30574
TIANMU-1 15             
1 58700U 24004A   24198.20612651  .00007259  00000+0  38730-3 0  9993
2 58700  97.4629  18.7806 0008756 318.0135  42.0425 15.15413409 29164
TIANMU-1 16             
1 58701U 24004B   24198.18834673  .00008421  00000+0  44821-3 0  9991
2 58701  97.4557  18.6169 0008871 324.4613  35.6028 15.15450588 29162
TIANMU-1 17             
1 58702U 24004C   24198.17375023  .00008007  00000+0  42686-3 0  9997
2 58702  97.4602  18.7472 0006600 320.6105  39.4647 15.15425434 29154
TIANMU-1 18             
1 58703U 24004D   24198.15647863  .00007165  00000+0  38216-3 0  9998
2 58703  97.4618  18.8091 0005632 310.1079  49.9660 15.15447844 29158
INSAT-3DS               
1 58990U 24033A   24198.16924197 -.00000137  00000+0  00000+0 0  9996
2 58990   0.0164 316.7250 0002643 151.3812 329.3942  1.00269865  1790
METEOR-M2 4             
1 59051U 24039A   24198.19000934  .00000084  00000+0  57314-4 0  9993
2 59051  98.5990 159.3717 0007973  47.1800 313.0047 14.22238892 19617
GOES 19                 
1 60133U 24119A   24197.70000000 -.00000209  00000+0  00000+0 0  9990
2 60133   0.1140 258.7920 0035378 188.8600 358.6590  1.01378742   279
